# Project Zomboid Skinned Mesh
# File Version:
1.0
# Model Name:
Wheels
# Vertex Stride Element Count:
3
# Vertex Stride Size (in bytes):
76
# Vertex Stride Data:
# (Int)    Offset
# (String) Type
0
VertexArray
12
NormalArray
24
TextureCoordArray
# Vertex Count:
802
# Vertex Buffer:
-0.06949329, 0.35600314, 0.0
-0.37095249, 0.92861718, 0.0
0.04000994, 0.94938982
0.06949332, 0.32890394, -0.13623655
0.37095249, 0.85793632, -0.35535753
0.1723783, 0.8372539
-0.06949329, 0.32890394, -0.13623655
-0.37095249, 0.85793632, -0.35535753
0.04000994, 0.8372539
-0.00571597, -0.02974725, -0.07181615
-0.75374615, -0.25147253, -0.60710472
0.39334649, 0.5026705
-0.05869147, 2.4e-07, -0.07773346
-0.37095249, 0.0, -0.92861718
0.36680877, 0.54902178
-0.00571597, 2.4e-07, -0.07773346
-0.75374615, 0.0, -0.65712452
0.36680877, 0.5026705
-0.06949329, 0.25173214, 0.25173238
-0.37095249, 0.65663624, 0.65663624
0.04000994, 0.8372539
0.06949332, 0.13623637, 0.32890412
0.37095249, 0.35535753, 0.85793632
0.1723783, 0.94938934
0.06949332, 0.25173214, 0.25173238
0.37095249, 0.65663624, 0.65663624
0.1723783, 0.8372539
-0.06670225, 0.02662152, -0.0642705
-0.90878016, 0.15964232, -0.38544878
0.36820224, 0.55893478
-0.05869147, 2.4e-07, -0.07773346
-0.37095249, 0.0, -0.92861718
0.39334545, 0.54902285
-0.06670225, 2.1e-07, -0.06956577
-0.90878016, 0.0, -0.41721854
0.39195147, 0.55893478
-0.06670225, 0.04919031, -0.04919046
-0.90878016, 0.29499191, -0.29502243
0.36820224, 0.55893478
-0.05869147, 0.02974722, -0.07181638
-0.37095249, 0.35535753, -0.85793632
0.39334649, 0.54902178
-0.06670225, 0.02662152, -0.0642705
-0.90878016, 0.15964232, -0.38544878
0.39195195, 0.55893478
-0.06670225, 0.06427023, -0.02662212
-0.90878016, 0.38544878, -0.15964232
0.36820331, 0.55893478
-0.05869147, 0.05496573, -0.05496591
-0.37095249, 0.65663624, -0.65663624
0.39334649, 0.54902178
-0.06670225, 0.04919031, -0.04919046
-0.90878016, 0.29499191, -0.29502243
0.39195251, 0.55893478
-0.06670225, 0.06956565, 0.0
-0.90878016, 0.41721854, 0.0
0.36820224, 0.55893478
-0.05869147, 0.07181627, -0.02974761
-0.37095249, 0.85793632, -0.35535753
0.39334649, 0.54902178
-0.06670225, 0.06427023, -0.02662212
-0.90878016, 0.38544878, -0.15964232
0.39195251, 0.55893478
-0.06670225, 0.06956565, 0.0
-0.90878016, 0.41721854, 0.0
0.39195195, 0.55893478
-0.05869147, 0.07181627, 0.02974766
-0.37095249, 0.85793632, 0.35535753
0.36680877, 0.54902285
-0.05869147, 0.07773337, 0.0
-0.37095249, 0.92861718, 0.0
0.39334649, 0.54902285
-0.06670225, 0.06427023, 0.02662212
-0.90878016, 0.38544878, 0.15964232
0.39195195, 0.55893478
-0.05869147, 0.05496585, 0.05496591
-0.37095249, 0.65663624, 0.65663624
0.36680877, 0.54902178
-0.05869147, 0.07181627, 0.02974766
-0.37095249, 0.85793632, 0.35535753
0.39334649, 0.54902178
-0.06949329, 0.25173214, 0.25173238
-0.37095249, 0.65663624, 0.65663624
0.04000994, 0.94938934
0.06949332, 0.32890394, 0.13623658
0.37095249, 0.85793632, 0.35535753
0.1723783, 0.8372539
-0.06949329, 0.32890394, 0.13623658
-0.37095249, 0.85793632, 0.35535753
0.04000994, 0.8372539
-0.06949329, -0.13623653, -0.32890385
-0.37095249, -0.35535753, -0.85793632
0.04000994, 0.94938982
0.06949332, -0.25173223, -0.25173217
0.37095249, -0.65663624, -0.65663624
0.1723783, 0.8372539
-0.06949329, -0.25173223, -0.25173217
-0.37095249, -0.65663624, -0.65663624
0.04000994, 0.8372539
-0.06670225, 0.0491904, 0.04919046
-0.90878016, 0.29499191, 0.29502243
0.39195195, 0.55893478
-0.05869147, 0.02974737, 0.07181618
-0.37095249, 0.35535753, 0.85793632
0.36680877, 0.54902178
-0.05869147, 0.05496585, 0.05496591
-0.37095249, 0.65663624, 0.65663624
0.39334545, 0.54902178
-0.06949329, 0.25173214, -0.25173235
-0.37095249, 0.65663624, -0.65663624
0.04000994, 0.94938982
0.06949332, 0.13623631, -0.32890409
0.37095249, 0.35535753, -0.85793632
0.1723783, 0.8372539
-0.06949329, 0.13623631, -0.32890409
-0.37095249, 0.35535753, -0.85793632
0.04000994, 0.8372539
-0.06670225, -1.2e-07, 0.0695658
-0.90878016, 0.0, 0.41721854
0.36820224, 0.55893478
-0.05869147, 0.02974737, 0.07181618
-0.37095249, 0.35535753, 0.85793632
0.39334649, 0.54902285
-0.06670225, 0.02662173, 0.06427032
-0.90878016, 0.15964232, 0.38544878
0.39195251, 0.55893478
-0.06670225, -0.02662167, 0.06427056
-0.90878016, -0.15964232, 0.38544878
0.36820224, 0.55893478
-0.05869147, -1.2e-07, 0.07773349
-0.37095249, 0.0, 0.92861718
0.39334649, 0.54902178
-0.06670225, -1.2e-07, 0.0695658
-0.90878016, 0.0, 0.41721854
0.39195195, 0.55893478
-0.06949329, -0.25173223, 0.25173229
-0.37095249, -0.65663624, 0.65663624
0.04000994, 0.8372539
0.06949332, -0.32890397, 0.13623658
0.37095249, -0.85793632, 0.35535753
0.1723783, 0.94938982
0.06949332, -0.25173223, 0.25173229
0.37095249, -0.65663624, 0.65663624
0.1723783, 0.8372539
0.00571638, -0.06018668, 0.14530343
0.8969695, 0.16916409, -0.40839869
0.3419413, 0.62223881
0.05777943, -3e-08, 0.20520601
0.3490707, 0.0, -0.93707085
0.30265695, 0.58866912
0.05777943, -0.07852897, 0.18958569
0.34904018, 0.35859248, -0.86574906
0.30265695, 0.6266779
0.00571638, 0.11121029, -0.11121035
0.8969695, -0.31257057, 0.31257057
0.3419413, 0.62223908
0.05777943, 0.07852879, -0.18958557
0.34904018, -0.35859248, 0.86574906
0.30265695, 0.58866942
0.05777943, 0.14510253, -0.1451025
0.34904018, -0.66261786, 0.66261786
0.30265695, 0.62667817
0.05777943, -0.14510253, 0.14510262
0.34904018, 0.66261786, -0.66261786
0.30265695, 0.6266779
0.00571638, -0.06018668, 0.14530343
0.8969695, 0.16916409, -0.40839869
0.3419413, 0.59310821
0.05777943, -0.07852897, 0.18958569
0.34904018, 0.35859248, -0.86574906
0.30265695, 0.58866912
0.00571638, 0.14530322, -0.0601868
0.8969695, -0.40839869, 0.16916409
0.3419413, 0.62223881
0.05777943, 0.14510253, -0.1451025
0.34904018, -0.66261786, 0.66261786
0.30265695, 0.58866912
0.05777943, 0.18958548, -0.07852912
0.34904018, -0.86574906, 0.35859248
0.30265695, 0.6266779
0.00571638, -0.14530326, 0.0601868
0.8969695, 0.40839869, -0.16916409
0.34194061, 0.62223881
0.05777943, -0.14510253, 0.14510262
0.34904018, 0.66261786, -0.66261786
0.30265695, 0.58866912
0.05777943, -0.18958557, 0.07852912
0.34904018, 0.86574906, -0.35859248
0.30265695, 0.6266779
0.00571638, 0.15727517, 0.0
0.8969695, -0.4420301, 0.0
0.3419413, 0.62223881
0.05777943, 0.18958548, -0.07852912
0.34904018, -0.86574906, 0.35859248
0.30265695, 0.58866912
0.05777943, 0.20520595, 0.0
0.34904018, -0.93707085, 0.0
0.30265695, 0.6266779
0.00571638, -0.15727516, 0.0
0.8969695, 0.4420301, 0.0
0.3419413, 0.62223881
0.05777943, -0.18958557, 0.07852912
0.34904018, 0.86574906, -0.35859248
0.30265695, 0.58866912
0.05777943, -0.20520595, 0.0
0.34904018, 0.93707085, 0.0
0.30265695, 0.6266779
0.05777943, 0.18958548, 0.07852912
0.34904018, -0.86574906, -0.35859248
0.30265695, 0.62667817
0.00571638, 0.15727517, 0.0
0.8969695, -0.4420301, 0.0
0.3419413, 0.59310821
0.05777943, 0.20520595, 0.0
0.34904018, -0.93707085, 0.0
0.30265695, 0.58866912
-0.06949329, -3e-08, -0.35600311
-0.37095249, 0.0, -0.92861718
0.04000994, 0.94938982
0.06949332, -0.13623653, -0.32890385
0.37095249, -0.35535753, -0.85793632
0.1723783, 0.8372539
-0.06949329, -0.13623653, -0.32890385
-0.37095249, -0.35535753, -0.85793632
0.04000994, 0.8372539
-0.06949329, -6e-08, 0.35600311
-0.37095249, 0.0, 0.92861718
0.04000994, 0.94938982
0.06949332, 0.13623637, 0.32890412
0.37095249, 0.35535753, 0.85793632
0.1723783, 0.8372539
-0.06949329, 0.13623637, 0.32890412
-0.37095249, 0.35535753, 0.85793632
0.04000994, 0.8372539
-0.06949329, 0.35600314, 0.0
-0.37095249, 0.92861718, 0.0
0.04000994, 0.8372539
0.06949332, 0.32890394, 0.13623658
0.37095249, 0.85793632, 0.35535753
0.1723783, 0.94938982
0.06949332, 0.35600314, 0.0
0.37095249, 0.92861718, 0.0
0.1723783, 0.8372539
-0.06949329, 0.25173214, -0.25173235
-0.37095249, 0.65663624, -0.65663624
0.04000994, 0.8372539
0.06949332, 0.32890394, -0.13623655
0.37095249, 0.85793632, -0.35535753
0.1723783, 0.94938934
0.06949332, 0.25173214, -0.25173235
0.37095249, 0.65663624, -0.65663624
0.1723783, 0.8372539
-0.06949329, 0.13623631, -0.32890409
-0.37095249, 0.35535753, -0.85793632
0.04000994, 0.94938934
0.06949332, -3e-08, -0.35600311
0.37095249, 0.0, -0.92861718
0.1723783, 0.8372539
-0.06949329, -3e-08, -0.35600311
-0.37095249, 0.0, -0.92861718
0.04000994, 0.8372539
-0.06949329, -0.32890397, -0.13623655
-0.37095249, -0.85793632, -0.35535753
0.04000994, 0.8372539
0.06949332, -0.25173223, -0.25173217
0.37095249, -0.65663624, -0.65663624
0.1723783, 0.94938934
0.06949332, -0.32890397, -0.13623655
0.37095249, -0.85793632, -0.35535753
0.1723783, 0.8372539
-0.06949329, -0.35600314, 0.0
-0.37095249, -0.92861718, 0.0
0.04000994, 0.94938934
0.06949332, -0.32890397, 0.13623658
0.37095249, -0.85793632, 0.35535753
0.1723783, 0.8372539
-0.06949329, -0.32890397, 0.13623658
-0.37095249, -0.85793632, 0.35535753
0.04000994, 0.8372539
-0.06949329, -0.25173223, 0.25173229
-0.37095249, -0.65663624, 0.65663624
0.04000882, 0.94938934
0.06949332, -0.13623653, 0.328904
0.37095249, -0.35535753, 0.85793632
0.1723783, 0.8372539
-0.06949329, -0.13623653, 0.328904
-0.37095249, -0.35535753, 0.85793632
0.04000882, 0.8372539
0.10217175, -0.0830465, -0.20049167
0.95522934, 0.11319315, 0.27332377
0.17514919, 0.85387573
0.0926086, 9e-08, -0.20520598
0.45265055, 0.0, 0.89165932
0.17385975, 0.9203716
0.0926086, -0.07852891, -0.18958533
0.45265055, 0.34122744, 0.82378614
0.17385975, 0.8557348
0.10217175, -0.15344988, -0.15344977
0.95522934, 0.20917386, 0.20917386
0.17514931, 0.85387617
0.0926086, -0.07852891, -0.18958533
0.45265055, 0.34122744, 0.82378614
0.1738598, 0.9203716
0.0926086, -0.14510258, -0.14510226
0.45265055, 0.6304819, 0.6304819
0.1738598, 0.85573527
0.10217175, -0.20049189, -0.08304662
0.95522934, 0.27332377, 0.11319315
0.17514919, 0.85387573
0.0926086, -0.14510258, -0.14510226
0.45265055, 0.6304819, 0.6304819
0.17385975, 0.92037064
0.0926086, -0.1895856, -0.07852912
0.45265055, 0.82378614, 0.34122744
0.17385975, 0.8557348
0.10217175, -0.21701086, 0.0
0.95522934, 0.29584643, 0.0
0.17514931, 0.85387573
0.0926086, -0.1895856, -0.07852912
0.45265055, 0.82378614, 0.34122744
0.1738598, 0.9203716
0.0926086, -0.20520595, 0.0
0.45265055, 0.89165932, 0.0
0.1738598, 0.8557348
0.10217175, -0.20049188, 0.08304662
0.95522934, 0.27332377, -0.11319315
0.17514919, 0.85387617
0.0926086, -0.20520595, 0.0
0.45265055, 0.89165932, 0.0
0.17385975, 0.9203716
0.0926086, -0.18958557, 0.07852912
0.45265055, 0.82378614, -0.34122744
0.17385975, 0.8557348
0.10217175, -0.15344985, 0.15344989
0.95522934, 0.20917386, -0.20917386
0.17514931, 0.85387617
0.0926086, -0.18958557, 0.07852912
0.45265055, 0.82378614, -0.34122744
0.1738598, 0.9203716
0.0926086, -0.14510253, 0.14510262
0.45265055, 0.63051242, -0.63051242
0.1738598, 0.8557348
0.10217175, -0.08304653, 0.20049194
0.95522934, 0.11319315, -0.27332377
0.17514931, 0.85387617
0.0926086, -0.14510253, 0.14510262
0.45265055, 0.63051242, -0.63051242
0.1738598, 0.9203716
0.0926086, -0.07852897, 0.18958569
0.45265055, 0.34122744, -0.82378614
0.1738598, 0.8557348
0.10217175, -3e-08, 0.2170108
0.95522934, 0.0, -0.29584643
0.17514919, 0.85387573
0.0926086, -0.07852897, 0.18958569
0.45265055, 0.34122744, -0.82378614
0.17385975, 0.9203716
0.0926086, -3e-08, 0.20520601
0.45265055, 0.0, -0.89165932
0.17385975, 0.8557348
0.10217175, 0.08304641, 0.20049194
0.95522934, -0.11319315, -0.27332377
0.17514919, 0.85387573
0.0926086, -3e-08, 0.20520601
0.45265055, 0.0, -0.89165932
0.17385975, 0.9203716
0.0926086, 0.07852888, 0.1895856
0.45265055, -0.34122744, -0.82378614
0.17385975, 0.8557348
0.0926086, 0.14510253, 0.14510274
0.45265055, -0.63051242, -0.63051242
0.17385975, 0.8557348
0.10217175, 0.08304641, 0.20049194
0.95522934, -0.11319315, -0.27332377
0.17514919, 0.92223067
0.0926086, 0.07852888, 0.1895856
0.45265055, -0.34122744, -0.82378614
0.17385975, 0.9203716
0.0926086, 0.18958548, 0.07852912
0.45265055, -0.82378614, -0.34122744
0.17385975, 0.85573527
0.10217175, 0.1534498, 0.15345001
0.95522934, -0.20917386, -0.20917386
0.17514919, 0.92223161
0.0926086, 0.14510253, 0.14510274
0.45265055, -0.63051242, -0.63051242
0.17385975, 0.92037207
0.0926086, 0.20520595, 0.0
0.45265055, -0.89165932, 0.0
0.1738598, 0.8557348
0.10217175, 0.20049182, 0.08304662
0.95522934, -0.27332377, -0.11319315
0.17514931, 0.92223067
0.0926086, 0.18958548, 0.07852912
0.45265055, -0.82378614, -0.34122744
0.1738598, 0.92037207
0.10217175, 0.20049182, -0.08304662
0.95522934, -0.27332377, 0.11319315
0.17514931, 0.85387617
0.0926086, 0.20520595, 0.0
0.45265055, -0.89165932, 0.0
0.1738598, 0.9203716
0.0926086, 0.18958548, -0.07852912
0.45265055, -0.82378614, 0.34122744
0.1738598, 0.8557348
0.0926086, 0.14510253, -0.1451025
0.45265055, -0.6304819, 0.6304819
0.17385975, 0.8557348
0.10217175, 0.20049182, -0.08304662
0.95522934, -0.27332377, 0.11319315
0.17514919, 0.92223067
0.0926086, 0.18958548, -0.07852912
0.45265055, -0.82378614, 0.34122744
0.17385975, 0.9203716
0.0926086, 0.07852879, -0.18958557
0.45265055, -0.34122744, 0.82378614
0.17385975, 0.85573527
0.10217175, 0.1534498, -0.15345001
0.95522934, -0.20917386, 0.20917386
0.17514919, 0.92223067
0.0926086, 0.14510253, -0.1451025
0.45265055, -0.6304819, 0.6304819
0.17385975, 0.92037207
0.0926086, 9e-08, -0.20520598
0.45265055, 0.0, 0.89165932
0.17385975, 0.85573527
0.10217175, 0.08304635, -0.20049191
0.95522934, -0.11319315, 0.27332377
0.17514931, 0.92223067
0.0926086, 0.07852879, -0.18958557
0.45265055, -0.34122744, 0.82378614
0.1738598, 0.92037207
0.0926086, -0.07852891, -0.18958533
0.45265055, 0.34122744, 0.82378614
0.28315136, 0.58866912
0.05777943, 9e-08, -0.20520598
0.34904018, 0.0, 0.93707085
0.30265695, 0.6266779
0.05777943, -0.07852891, -0.18958533
0.34904018, 0.35859248, 0.86574906
0.30265695, 0.58866912
0.0926086, -0.14510258, -0.14510226
0.45265055, 0.6304819, 0.6304819
0.28315106, 0.58866942
0.05777943, -0.07852891, -0.18958533
0.34904018, 0.35859248, 0.86574906
0.30265695, 0.6266779
0.05777943, -0.14510258, -0.14510226
0.34904018, 0.66261786, 0.66261786
0.30265695, 0.58866912
0.0926086, -0.1895856, -0.07852912
0.45265055, 0.82378614, 0.34122744
0.28315136, 0.58866912
0.05777943, -0.14510258, -0.14510226
0.34904018, 0.66261786, 0.66261786
0.30265695, 0.62667733
0.05777943, -0.1895856, -0.07852912
0.34904018, 0.86574906, 0.35859248
0.30265695, 0.58866912
0.0926086, -0.20520595, 0.0
0.45265055, 0.89165932, 0.0
0.28315106, 0.58866912
0.05777943, -0.1895856, -0.07852912
0.34904018, 0.86574906, 0.35859248
0.30265695, 0.6266779
0.05777943, -0.20520595, 0.0
0.34904018, 0.93707085, 0.0
0.30265695, 0.58866912
0.0926086, -0.18958557, 0.07852912
0.45265055, 0.82378614, -0.34122744
0.28315136, 0.58866912
0.0926086, -0.14510253, 0.14510262
0.45265055, 0.63051242, -0.63051242
0.28315106, 0.58866912
0.0926086, -0.07852897, 0.18958569
0.45265055, 0.34122744, -0.82378614
0.28315106, 0.58866912
0.0926086, -3e-08, 0.20520601
0.45265055, 0.0, -0.89165932
0.28315136, 0.58866912
0.0926086, 0.07852888, 0.1895856
0.45265055, -0.34122744, -0.82378614
0.28315136, 0.58866912
0.05777943, -3e-08, 0.20520601
0.3490707, 0.0, -0.93707085
0.30265695, 0.6266779
0.05777943, 0.07852888, 0.1895856
0.34904018, -0.35859248, -0.86574906
0.30265695, 0.58866912
0.0926086, 0.14510253, 0.14510274
0.45265055, -0.63051242, -0.63051242
0.28315136, 0.58866912
0.05777943, 0.07852888, 0.1895856
0.34904018, -0.35859248, -0.86574906
0.30265695, 0.6266779
0.05777943, 0.14510253, 0.14510274
0.3490707, -0.66261786, -0.66261786
0.30265695, 0.58866912
0.0926086, 0.18958548, 0.07852912
0.45265055, -0.82378614, -0.34122744
0.28315136, 0.58866942
0.05777943, 0.14510253, 0.14510274
0.3490707, -0.66261786, -0.66261786
0.30265695, 0.62667817
0.05777943, 0.18958548, 0.07852912
0.34904018, -0.86574906, -0.35859248
0.30265695, 0.58866942
0.0926086, 0.20520595, 0.0
0.45265055, -0.89165932, 0.0
0.28315106, 0.58866912
0.0926086, 0.18958548, -0.07852912
0.45265055, -0.82378614, 0.34122744
0.28315106, 0.58866912
0.0926086, 0.14510253, -0.1451025
0.45265055, -0.6304819, 0.6304819
0.28315136, 0.58866912
0.0926086, 0.07852879, -0.18958557
0.45265055, -0.34122744, 0.82378614
0.28315136, 0.58866942
0.0926086, 9e-08, -0.20520598
0.45265055, 0.0, 0.89165932
0.28315136, 0.58866942
0.05777943, 0.07852879, -0.18958557
0.34904018, -0.35859248, 0.86574906
0.30265695, 0.62667817
0.05777943, 9e-08, -0.20520598
0.34904018, 0.0, 0.93707085
0.30265695, 0.58866942
0.05869186, -1.2e-07, 0.07773349
0.37095249, 0.0, 0.92861718
0.36680877, 0.54902285
0.00571638, 0.02974737, 0.07181618
0.75374615, 0.25147253, 0.60710472
0.39334649, 0.5026705
0.00571638, -1.2e-07, 0.07773349
0.75374615, 0.0, 0.65712452
0.36680877, 0.5026705
0.06670263, -3e-08, 4.8e-07
1.0, 0.0, 0.0
0.37910554, 0.61054757
0.06670263, -0.02662167, 0.06427056
0.90878016, -0.15964232, 0.38544878
0.29268768, 0.66829237
0.06670263, -0.04919037, 0.04919046
0.90878016, -0.29499191, 0.29502243
0.32136336, 0.69696721
0.06670263, 0.02662152, -0.0642705
0.90878016, 0.15964232, -0.38544878
0.46552697, 0.55280361
0.06670263, 2.1e-07, -0.06956577
0.90878016, 0.0, -0.41721854
0.48104617, 0.59026942
0.05869186, -0.05496582, 0.05496591
0.37095249, -0.65663624, 0.65663624
0.36680877, 0.54902285
0.00571638, -0.0297474, 0.07181638
0.75374615, -0.25147253, 0.60710472
0.39334545, 0.5026705
0.00571638, -0.05496582, 0.05496591
0.75374615, -0.46464431, 0.46464431
0.36680877, 0.5026705
0.06670263, 0.06427023, -0.02662212
0.90878016, 0.38544878, -0.15964232
0.39938542, 0.50860873
0.06670263, 0.04919031, -0.04919046
0.90878016, 0.29499191, -0.29502243
0.4368512, 0.52412704
0.06670263, -0.06427026, 0.02662212
0.90878016, -0.38544878, 0.15964232
0.35882917, 0.71248552
0.06670263, -0.06956568, 0.0
0.90878016, -0.41721854, 0.0
0.39938459, 0.71248552
0.05869186, 0.07773337, 0.0
0.37095249, 0.92861718, 0.0
0.36680877, 0.54902178
0.00571638, 0.07181627, -0.02974761
0.75374615, 0.60710472, -0.25147253
0.39334649, 0.5026705
0.00571638, 0.07773337, 0.0
0.75374615, 0.65712452, 0.0
0.36680877, 0.5026705
0.00571638, -0.06018656, -0.14530331
0.8969695, 0.16916409, 0.40839869
0.3419413, 0.59310821
0.00571638, 0.06018648, -0.14530355
0.8969695, -0.16916409, 0.40839869
0.3419413, 0.62223908
0.00571638, 0.06018659, 0.14530331
0.8969695, -0.16916409, -0.40839869
0.3419413, 0.59310821
0.00571638, -0.11121041, -0.11121017
0.8969695, 0.31257057, 0.31257057
0.3419413, 0.59310821
0.00571638, 0.06018659, 0.14530331
0.8969695, -0.16916409, -0.40839869
0.3419413, 0.62223881
0.00571638, -0.14530332, -0.0601868
0.8969695, 0.40839869, 0.16916409
0.3419413, 0.59310821
0.00571638, 0.11121032, 0.11121038
0.8969695, -0.31257057, -0.31257057
0.3419413, 0.62223908
0.00571638, -0.14530332, -0.0601868
0.8969695, 0.40839869, 0.16916409
0.3419413, 0.62223908
0.10217175, -0.3226845, 0.0
0.90878016, -0.41721854, 0.0
0.18404923, 0.83723342
0.10217175, -0.20049189, -0.08304662
0.95522934, 0.27332377, 0.11319315
0.17514931, 0.92223067
0.10217175, 0.29812154, 0.12348616
0.90878016, 0.38544878, 0.15964232
0.18404923, 0.83723342
0.10217175, 0.20049182, 0.08304662
0.95522934, -0.27332377, -0.11319315
0.17514919, 0.85387617
0.10217175, -0.22817241, -0.2281723
0.90878016, -0.29502243, -0.29502243
0.18404923, 0.93887294
0.10217175, -0.15344988, -0.15344977
0.95522934, 0.20917386, 0.20917386
0.17514919, 0.92223067
0.10217175, 0.1534498, 0.15345001
0.95522934, -0.20917386, -0.20917386
0.17514919, 0.85387617
0.10217175, 0.12348589, 0.29812175
0.90878016, 0.15964232, 0.38544878
0.18404923, 0.93887341
0.10217175, -0.12348606, -0.29812139
0.90878016, -0.15964232, -0.38544878
0.18404923, 0.83723342
0.10217175, 6e-08, -0.21701092
0.95522934, 0.0, 0.29584643
0.17514919, 0.92223067
0.10217175, -6e-08, 0.32268447
0.90878016, 0.0, 0.41721854
0.18404923, 0.93887294
0.10217175, -3e-08, 0.2170108
0.95522934, 0.0, -0.29584643
0.17514919, 0.92223067
0.10217175, 6e-08, -0.21701092
0.95522934, 0.0, 0.29584643
0.17514931, 0.85387617
0.10217175, 0.12348583, -0.29812163
0.90878016, 0.15964232, -0.38544878
0.18404923, 0.93887341
0.10217175, -0.12348606, -0.29812139
0.90878016, -0.15964232, -0.38544878
0.18404923, 0.93887341
0.10217175, -0.0830465, -0.20049167
0.95522934, 0.11319315, 0.27332377
0.17514931, 0.92223067
0.10217175, -6e-08, 0.32268447
0.90878016, 0.0, 0.41721854
0.18404923, 0.83723247
0.10217175, -0.08304653, 0.20049194
0.95522934, 0.11319315, -0.27332377
0.17514919, 0.92223067
0.10217175, 0.12348583, -0.29812163
0.90878016, 0.15964232, -0.38544878
0.18404923, 0.83723342
0.10217175, 0.08304635, -0.20049191
0.95522934, -0.11319315, 0.27332377
0.17514919, 0.85387617
0.10217175, -0.22817241, 0.22817245
0.90878016, -0.29502243, 0.29502243
0.18404923, 0.93887341
0.10217175, -0.15344985, 0.15344989
0.95522934, 0.20917386, -0.20917386
0.17514931, 0.92223067
0.10217175, 0.22817227, -0.22817254
0.90878016, 0.29502243, -0.29502243
0.18404923, 0.83723247
0.10217175, 0.1534498, -0.15345001
0.95522934, -0.20917386, 0.20917386
0.17514919, 0.85387573
0.10217175, -0.22817241, 0.22817245
0.90878016, -0.29502243, 0.29502243
0.18405038, 0.83723342
0.10217175, -0.20049188, 0.08304662
0.95522934, 0.27332377, -0.11319315
0.17514931, 0.92223067
0.10217175, 0.29812154, -0.12348616
0.90878016, 0.38544878, -0.15964232
0.18404923, 0.83723342
0.10217175, 0.21701083, 0.0
0.95522934, -0.29584643, 0.0
0.17514931, 0.92223067
0.10217175, -0.3226845, 0.0
0.90878016, -0.41721854, 0.0
0.18404923, 0.93887341
0.10217175, -0.21701086, 0.0
0.95522934, 0.29584643, 0.0
0.17514919, 0.92223067
0.10217175, 0.3226845, 0.0
0.90878016, 0.41721854, 0.0
0.18404923, 0.83723342
0.10217175, 0.21701083, 0.0
0.95522934, -0.29584643, 0.0
0.17514931, 0.85387617
0.00571638, -0.06018656, -0.14530331
0.8969695, 0.16916409, 0.40839869
0.38987517, 0.66468281
0.00571638, 2.4e-07, -0.07773346
0.75374615, 0.0, -0.65712452
0.39426309, 0.63323003
0.00571638, -0.02974725, -0.07181615
0.75374615, -0.25147253, -0.60710472
0.38442916, 0.63730413
0.00571638, -0.05496594, -0.05496567
0.75374615, -0.46464431, -0.46464431
0.3737846, 0.63730413
0.00571638, -0.07181635, -0.02974743
0.75374615, -0.60710472, -0.25147253
0.36395046, 0.63323042
0.00571638, -0.11121041, -0.11121017
0.8969695, 0.31257057, 0.31257057
0.36833876, 0.66468281
0.00571638, -0.15727516, 0.0
0.8969695, 0.4420301, 0.0
0.33321309, 0.6412127
0.00571638, -0.07773343, 0.0
0.75374615, -0.65712452, 0.0
0.35642377, 0.62570354
0.00571638, -0.14530326, 0.0601868
0.8969695, 0.40839869, -0.16916409
0.32497141, 0.62131566
0.00571638, -0.0718163, 0.02974766
0.75374615, -0.60710472, 0.25147253
0.35235006, 0.6158694
0.00571638, -0.11121035, 0.11121038
0.8969695, 0.31257057, -0.31257057
0.32497141, 0.59977943
0.00571638, -0.05496582, 0.05496591
0.75374615, -0.46464431, 0.46464431
0.35235006, 0.60522503
0.00571638, -0.0297474, 0.07181638
0.75374615, -0.25147253, 0.60710472
0.35642359, 0.59539133
0.00571638, -6e-08, 0.15727508
0.8969695, 0.0, -0.4420301
0.34844154, 0.56465352
0.00571638, -1.2e-07, 0.07773349
0.75374615, 0.0, 0.65712452
0.36395046, 0.58786422
0.00571638, 0.06018659, 0.14530331
0.8969695, -0.16916409, -0.40839869
0.36833876, 0.55641145
0.00571638, 0.02974737, 0.07181618
0.75374615, 0.25147253, 0.60710472
0.37378499, 0.58379075
0.00571638, 0.05496585, 0.05496591
0.75374615, 0.46464431, 0.46464431
0.38442898, 0.58379075
0.00571638, 0.07181627, 0.02974766
0.75374615, 0.60710472, 0.25147253
0.39426309, 0.58786383
0.00571638, 0.11121032, 0.11121038
0.8969695, -0.31257057, -0.31257057
0.38987517, 0.55641145
0.00571638, 0.15727517, 0.0
0.8969695, -0.4420301, 0.0
0.4250007, 0.579882
0.00571638, 0.07773337, 0.0
0.75374615, 0.65712452, 0.0
0.40179017, 0.59539071
0.00571638, 0.14530322, -0.0601868
0.8969695, -0.40839869, 0.16916409
0.43324235, 0.59977883
0.00571638, 0.07181627, -0.02974761
0.75374615, 0.60710472, -0.25147253
0.40586346, 0.60522503
0.00571638, 0.11121029, -0.11121035
0.8969695, -0.31257057, 0.31257057
0.43324235, 0.62131524
0.00571638, 0.05496573, -0.05496591
0.75374615, 0.46464431, -0.46464431
0.40586346, 0.6158694
0.00571638, 0.02974722, -0.07181638
0.75374615, 0.25147253, -0.60710472
0.40179017, 0.62570396
0.00571638, 1.5e-07, -0.15727508
0.8969695, 0.0, 0.4420301
0.40977222, 0.65644073
0.05869186, 0.07181627, 0.02974766
0.37095249, 0.85793632, 0.35535753
0.36680877, 0.54902285
0.00571638, 0.07773337, 0.0
0.75374615, 0.65712452, 0.0
0.39334649, 0.5026705
0.00571638, 0.07181627, 0.02974766
0.75374615, 0.60710472, 0.25147253
0.36680877, 0.5026705
0.05869186, -0.0718163, 0.02974766
0.37095249, -0.85793632, 0.35535753
0.36680877, 0.54902285
0.00571638, -0.05496582, 0.05496591
0.75374615, -0.46464431, 0.46464431
0.39334545, 0.502671
0.00571638, -0.0718163, 0.02974766
0.75374615, -0.60710472, 0.25147253
0.36680877, 0.5026705
0.05869186, -0.07181635, -0.02974743
0.37095249, -0.85793632, -0.35535753
0.36680877, 0.54902178
0.00571638, -0.07773343, 0.0
0.75374615, -0.65712452, 0.0
0.39334649, 0.5026705
0.00571638, -0.07181635, -0.02974743
0.75374615, -0.60710472, -0.25147253
0.36680877, 0.5026705
0.05869186, -0.02974725, -0.07181615
0.37095249, -0.35535753, -0.85793632
0.36680877, 0.54902178
0.00571638, -0.05496594, -0.05496567
0.75374615, -0.46464431, -0.46464431
0.39334649, 0.5026705
0.00571638, -0.02974725, -0.07181615
0.75374615, -0.25147253, -0.60710472
0.36680877, 0.5026705
0.05869186, 0.02974737, 0.07181618
0.37095249, 0.35535753, 0.85793632
0.36680877, 0.54902178
0.00571638, 0.05496585, 0.05496591
0.75374615, 0.46464431, 0.46464431
0.39334545, 0.5026705
0.00571638, 0.02974737, 0.07181618
0.75374615, 0.25147253, 0.60710472
0.36680877, 0.5026705
0.05869186, 0.07181627, -0.02974761
0.37095249, 0.85793632, -0.35535753
0.36680877, 0.54902178
0.00571638, 0.05496573, -0.05496591
0.75374615, 0.46464431, -0.46464431
0.39334649, 0.5026705
0.00571638, 0.07181627, -0.02974761
0.75374615, 0.60710472, -0.25147253
0.36680877, 0.5026705
0.05869186, 0.02974722, -0.07181638
0.37095249, 0.35535753, -0.85793632
0.36680877, 0.54902285
0.00571638, 2.4e-07, -0.07773346
0.75374615, 0.0, -0.65712452
0.39334545, 0.502671
0.00571638, 0.02974722, -0.07181638
0.75374615, 0.25147253, -0.60710472
0.36680877, 0.502671
0.05869186, -0.0297474, 0.07181638
0.37095249, -0.35535753, 0.85793632
0.36680877, 0.54902178
0.00571638, -1.2e-07, 0.07773349
0.75374615, 0.0, 0.65712452
0.39334649, 0.5026705
0.00571638, -0.0297474, 0.07181638
0.75374615, -0.25147253, 0.60710472
0.36680877, 0.5026705
0.06670263, -0.02662158, -0.06427032
0.90878016, -0.15964232, -0.38544878
0.48104617, 0.63082394
0.05869186, 0.05496573, -0.05496591
0.37095249, 0.65663624, -0.65663624
0.36680877, 0.54902178
0.00571638, 0.02974722, -0.07181638
0.75374615, 0.25147253, -0.60710472
0.39334649, 0.5026705
0.00571638, 0.05496573, -0.05496591
0.75374615, 0.46464431, -0.46464431
0.36680877, 0.5026705
0.06670263, 0.02662173, 0.06427032
0.90878016, 0.15964232, 0.38544878
0.27716848, 0.5902712
0.06670263, 0.0491904, 0.04919046
0.90878016, 0.29499191, 0.29502243
0.29268768, 0.55280361
0.05869186, -0.05496594, -0.05496567
0.37095249, -0.65663624, -0.65663624
0.36680877, 0.54902285
0.00571638, -0.07181635, -0.02974743
0.75374615, -0.60710472, -0.25147253
0.39334545, 0.5026705
0.00571638, -0.05496594, -0.05496567
0.75374615, -0.46464431, -0.46464431
0.36680877, 0.5026705
0.05869186, 0.05496585, 0.05496591
0.37095249, 0.65663624, 0.65663624
0.36680877, 0.54902178
0.00571638, 0.07181627, 0.02974766
0.75374615, 0.60710472, 0.25147253
0.39334649, 0.5026705
0.00571638, 0.05496585, 0.05496591
0.75374615, 0.46464431, 0.46464431
0.36680877, 0.5026705
0.06670263, -0.06427032, -0.02662188
0.90878016, -0.38544878, -0.15964232
0.4368512, 0.69696721
0.06670263, -0.04919052, -0.04919022
0.90878016, -0.29502243, -0.29502243
0.46552697, 0.66829237
0.06670263, 0.06427023, 0.02662212
0.90878016, 0.38544878, 0.15964232
0.32136256, 0.52412793
0.06670263, 0.06956565, 0.0
0.90878016, 0.41721854, 0.0
0.35882917, 0.50860873
0.05869186, -0.07773343, 0.0
0.37095249, -0.92861718, 0.0
0.36680877, 0.54902178
0.00571638, -0.0718163, 0.02974766
0.75374615, -0.60710472, 0.25147253
0.39334649, 0.5026705
0.00571638, -0.07773343, 0.0
0.75374615, -0.65712452, 0.0
0.36680877, 0.5026705
0.05869186, -0.02974725, -0.07181615
0.37095249, -0.35535753, -0.85793632
0.39334649, 0.54902178
0.06670263, 2.1e-07, -0.06956577
0.90878016, 0.0, -0.41721854
0.36820275, 0.55893478
0.06670263, -0.02662158, -0.06427032
0.90878016, -0.15964232, -0.38544878
0.39195195, 0.55893478
0.06670263, -0.04919052, -0.04919022
0.90878016, -0.29502243, -0.29502243
0.39195195, 0.55893478
0.06670263, -0.02662158, -0.06427032
0.90878016, -0.15964232, -0.38544878
0.36820224, 0.55893478
0.06670263, -0.06427032, -0.02662188
0.90878016, -0.38544878, -0.15964232
0.39195147, 0.55893478
0.06670263, -0.04919052, -0.04919022
0.90878016, -0.29502243, -0.29502243
0.36820224, 0.55893478
0.06670263, -0.06956568, 0.0
0.90878016, -0.41721854, 0.0
0.39195195, 0.55893478
0.06670263, -0.06427032, -0.02662188
0.90878016, -0.38544878, -0.15964232
0.36820224, 0.55893478
0.05869186, -0.0718163, 0.02974766
0.37095249, -0.85793632, 0.35535753
0.39334649, 0.54902178
0.06670263, -0.06956568, 0.0
0.90878016, -0.41721854, 0.0
0.36820224, 0.55893478
0.06670263, -0.06427026, 0.02662212
0.90878016, -0.38544878, 0.15964232
0.39195251, 0.55893478
0.05869186, -0.05496582, 0.05496591
0.37095249, -0.65663624, 0.65663624
0.39334545, 0.54902285
0.06670263, -0.06427026, 0.02662212
0.90878016, -0.38544878, 0.15964232
0.36820224, 0.55893478
0.06670263, -0.04919037, 0.04919046
0.90878016, -0.29499191, 0.29502243
0.39195147, 0.55893478
0.05869186, -0.0297474, 0.07181638
0.37095249, -0.35535753, 0.85793632
0.39334545, 0.54902285
0.06670263, -0.04919037, 0.04919046
0.90878016, -0.29499191, 0.29502243
0.36820224, 0.55893478
0.06670263, -0.02662167, 0.06427056
0.90878016, -0.15964232, 0.38544878
0.39195195, 0.55893478
0.05869186, -1.2e-07, 0.07773349
0.37095249, 0.0, 0.92861718
0.39334649, 0.54902178
0.06670263, -0.02662167, 0.06427056
0.90878016, -0.15964232, 0.38544878
0.36820224, 0.55893478
0.06670263, -1.2e-07, 0.0695658
0.90878016, 0.0, 0.41721854
0.39195195, 0.55893478
0.05869186, 0.02974737, 0.07181618
0.37095249, 0.35535753, 0.85793632
0.39334649, 0.54902285
0.06670263, -1.2e-07, 0.0695658
0.90878016, 0.0, 0.41721854
0.36820224, 0.55893478
0.06670263, 0.02662173, 0.06427032
0.90878016, 0.15964232, 0.38544878
0.39195251, 0.55893478
0.06670263, 0.0491904, 0.04919046
0.90878016, 0.29499191, 0.29502243
0.39195195, 0.55893478
0.06670263, 0.02662173, 0.06427032
0.90878016, 0.15964232, 0.38544878
0.36820224, 0.55893478
0.06670263, 0.06427023, 0.02662212
0.90878016, 0.38544878, 0.15964232
0.39195195, 0.55893478
0.06670263, 0.0491904, 0.04919046
0.90878016, 0.29499191, 0.29502243
0.36820331, 0.55893478
0.06670263, 0.06956565, 0.0
0.90878016, 0.41721854, 0.0
0.39195195, 0.55893478
0.06670263, 0.06427023, 0.02662212
0.90878016, 0.38544878, 0.15964232
0.36820224, 0.55893478
0.05869186, 0.07181627, -0.02974761
0.37095249, 0.85793632, -0.35535753
0.39334649, 0.54902178
0.06670263, 0.06956565, 0.0
0.90878016, 0.41721854, 0.0
0.36820224, 0.55893478
0.06670263, 0.06427023, -0.02662212
0.90878016, 0.38544878, -0.15964232
0.39195251, 0.55893478
0.05869186, 0.05496573, -0.05496591
0.37095249, 0.65663624, -0.65663624
0.39334649, 0.54902178
0.06670263, 0.06427023, -0.02662212
0.90878016, 0.38544878, -0.15964232
0.36820331, 0.55893478
0.06670263, 0.04919031, -0.04919046
0.90878016, 0.29499191, -0.29502243
0.39195251, 0.55893478
0.05869186, 0.02974722, -0.07181638
0.37095249, 0.35535753, -0.85793632
0.39334649, 0.54902178
0.06670263, 0.04919031, -0.04919046
0.90878016, 0.29499191, -0.29502243
0.36820224, 0.55893478
0.06670263, 0.02662152, -0.0642705
0.90878016, 0.15964232, -0.38544878
0.39195195, 0.55893478
0.05869186, 2.4e-07, -0.07773346
0.37095249, 0.0, -0.92861718
0.39334545, 0.54902285
0.06670263, 0.02662152, -0.0642705
0.90878016, 0.15964232, -0.38544878
0.36820224, 0.55893478
0.06670263, 2.1e-07, -0.06956577
0.90878016, 0.0, -0.41721854
0.39195147, 0.55893478
0.05869186, 2.4e-07, -0.07773346
0.37095249, 0.0, -0.92861718
0.36680877, 0.54902178
0.00571638, -0.02974725, -0.07181615
0.75374615, -0.25147253, -0.60710472
0.39334649, 0.5026705
0.00571638, 2.4e-07, -0.07773346
0.75374615, 0.0, -0.65712452
0.36680877, 0.5026705
0.10217175, 0.0, -0.32268459
0.90878016, 0.0, -0.41721854
0.21639189, 0.94414209
0.10217175, -0.12348606, -0.29812139
0.90878016, -0.15964232, -0.38544878
0.21639189, 0.84250209
0.10217175, -0.12348606, -0.29812139
0.90878016, -0.15964232, -0.38544878
0.21639189, 0.94414162
0.10217175, -0.22817241, -0.2281723
0.90878016, -0.29502243, -0.29502243
0.21639189, 0.84250209
0.10217175, -0.29812157, -0.12348616
0.90878016, -0.38544878, -0.15964232
0.21639189, 0.84250209
0.10217175, -0.22817241, -0.2281723
0.90878016, -0.29502243, -0.29502243
0.21639189, 0.94414209
0.10217175, -0.3226845, 0.0
0.90878016, -0.41721854, 0.0
0.21639189, 0.84250209
0.06949332, -0.32890397, -0.13623655
0.37095249, -0.85793632, -0.35535753
0.1723783, 0.94938982
0.10217175, -0.29812157, -0.12348616
0.90878016, -0.38544878, -0.15964232
0.21639189, 0.94414209
0.10217175, -0.3226845, 0.0
0.90878016, -0.41721854, 0.0
0.21639189, 0.94414162
0.10217175, -0.29812157, 0.12348616
0.90878016, -0.38544878, 0.15964232
0.21639189, 0.84250164
0.10217175, -0.29812157, 0.12348616
0.90878016, -0.38544878, 0.15964232
0.21639189, 0.94414209
0.10217175, -0.22817241, 0.22817245
0.90878016, -0.29502243, 0.29502243
0.21639189, 0.84250209
0.10217175, -0.22817241, 0.22817245
0.90878016, -0.29502243, 0.29502243
0.21639189, 0.94414209
0.10217175, -0.12348606, 0.29812163
0.90878016, -0.15964232, 0.38544878
0.21639189, 0.84250209
0.06949332, -6e-08, 0.35600311
0.37095249, 0.0, 0.92861718
0.1723783, 0.8372539
0.10217175, -0.12348606, 0.29812163
0.90878016, -0.15964232, 0.38544878
0.21639189, 0.94414209
0.10217175, -6e-08, 0.32268447
0.90878016, 0.0, 0.41721854
0.21639189, 0.84250209
0.10217175, 0.12348589, 0.29812175
0.90878016, 0.15964232, 0.38544878
0.21639189, 0.84250209
0.06949332, -6e-08, 0.35600311
0.37095249, 0.0, 0.92861718
0.1723783, 0.94938982
0.10217175, -6e-08, 0.32268447
0.90878016, 0.0, 0.41721854
0.21639189, 0.94414209
0.10217175, 0.22817233, 0.22817257
0.90878016, 0.29502243, 0.29502243
0.21639189, 0.84250209
0.10217175, 0.12348589, 0.29812175
0.90878016, 0.15964232, 0.38544878
0.21639189, 0.94414162
0.10217175, 0.29812154, 0.12348616
0.90878016, 0.38544878, 0.15964232
0.21639189, 0.84250209
0.06949332, 0.25173214, 0.25173238
0.37095249, 0.65663624, 0.65663624
0.1723783, 0.94938934
0.10217175, 0.22817233, 0.22817257
0.90878016, 0.29502243, 0.29502243
0.21639189, 0.94414209
0.10217175, 0.3226845, 0.0
0.90878016, 0.41721854, 0.0
0.21639189, 0.84250209
0.10217175, 0.29812154, 0.12348616
0.90878016, 0.38544878, 0.15964232
0.21639189, 0.94414209
0.10217175, 0.3226845, 0.0
0.90878016, 0.41721854, 0.0
0.21639189, 0.94414209
0.10217175, 0.29812154, -0.12348616
0.90878016, 0.38544878, -0.15964232
0.21639189, 0.84250209
0.10217175, 0.29812154, -0.12348616
0.90878016, 0.38544878, -0.15964232
0.21639189, 0.94414162
0.10217175, 0.22817227, -0.22817254
0.90878016, 0.29502243, -0.29502243
0.21639189, 0.84250164
0.10217175, 0.22817227, -0.22817254
0.90878016, 0.29502243, -0.29502243
0.21639189, 0.94414209
0.10217175, 0.12348583, -0.29812163
0.90878016, 0.15964232, -0.38544878
0.21639189, 0.84250209
0.10217175, 0.0, -0.32268459
0.90878016, 0.0, -0.41721854
0.21639189, 0.84250209
0.06949332, 0.13623631, -0.32890409
0.37095249, 0.35535753, -0.85793632
0.1723783, 0.94938934
0.10217175, 0.12348583, -0.29812163
0.90878016, 0.15964232, -0.38544878
0.21639189, 0.94414162
-0.06949329, -6e-08, 0.35600311
-0.37095249, 0.0, 0.92861718
0.04000994, 0.8372539
0.06949332, -0.13623653, 0.328904
0.37095249, -0.35535753, 0.85793632
0.1723783, 0.94938982
-0.06670225, -0.04919037, 0.04919046
-0.90878016, -0.29499191, 0.29502243
0.36820224, 0.55893478
-0.05869147, -0.0297474, 0.07181638
-0.37095249, -0.35535753, 0.85793632
0.39334545, 0.54902285
-0.06670225, -0.02662167, 0.06427056
-0.90878016, -0.15964232, 0.38544878
0.39195195, 0.55893478
-0.06670225, -0.06427026, 0.02662212
-0.90878016, -0.38544878, 0.15964232
0.36820224, 0.55893478
-0.05869147, -0.05496582, 0.05496591
-0.37095249, -0.65663624, 0.65663624
0.39334545, 0.54902285
-0.06670225, -0.04919037, 0.04919046
-0.90878016, -0.29499191, 0.29502243
0.39195147, 0.55893478
-0.06670225, -0.06956568, 0.0
-0.90878016, -0.41721854, 0.0
0.36820224, 0.55893478
-0.05869147, -0.0718163, 0.02974766
-0.37095249, -0.85793632, 0.35535753
0.39334649, 0.54902178
-0.06670225, -0.06427026, 0.02662212
-0.90878016, -0.38544878, 0.15964232
0.39195251, 0.55893478
-0.06670225, -0.06956568, 0.0
-0.90878016, -0.41721854, 0.0
0.39195195, 0.55893478
-0.05869147, -0.07181635, -0.02974743
-0.37095249, -0.85793632, -0.35535753
0.36680877, 0.54902178
-0.05869147, -0.07773343, 0.0
-0.37095249, -0.92861718, 0.0
0.39334649, 0.54902178
-0.06670225, -0.06427032, -0.02662188
-0.90878016, -0.38544878, -0.15964232
0.39195147, 0.55893478
-0.05869147, -0.05496594, -0.05496567
-0.37095249, -0.65663624, -0.65663624
0.36680877, 0.54902285
-0.05869147, -0.07181635, -0.02974743
-0.37095249, -0.85793632, -0.35535753
0.39334545, 0.54902285
-0.06670225, -0.04919052, -0.04919022
-0.90878016, -0.29502243, -0.29502243
0.39195195, 0.55893478
-0.05869147, -0.02974725, -0.07181615
-0.37095249, -0.35535753, -0.85793632
0.36680877, 0.54902178
-0.05869147, -0.05496594, -0.05496567
-0.37095249, -0.65663624, -0.65663624
0.39334649, 0.54902178
-0.06670225, 2.1e-07, -0.06956577
-0.90878016, 0.0, -0.41721854
0.36820275, 0.55893478
-0.05869147, -0.02974725, -0.07181615
-0.37095249, -0.35535753, -0.85793632
0.39334649, 0.54902178
-0.06670225, -0.02662158, -0.06427032
-0.90878016, -0.15964232, -0.38544878
0.39195195, 0.55893478
-0.00571597, -0.0718163, 0.02974766
-0.75374615, -0.60710472, 0.25147253
0.39334649, 0.5026705
-0.05869147, -0.07773343, 0.0
-0.37095249, -0.92861718, 0.0
0.36680877, 0.54902178
-0.00571597, -0.07773343, 0.0
-0.75374615, -0.65712452, 0.0
0.36680877, 0.5026705
-0.06670225, 0.06427023, 0.02662212
-0.90878016, 0.38544878, 0.15964232
0.32136256, 0.52412793
-0.06670225, -3e-08, 4.8e-07
-0.99996948, 0.0, 0.0
0.37910554, 0.61054757
-0.06670225, 0.0491904, 0.04919046
-0.90878016, 0.29499191, 0.29502243
0.29268768, 0.55280361
-0.06670225, -0.06427032, -0.02662188
-0.90878016, -0.38544878, -0.15964232
0.4368512, 0.69696721
-0.06670225, -0.04919052, -0.04919022
-0.90878016, -0.29502243, -0.29502243
0.46552697, 0.66829237
-0.00571597, 0.07181627, 0.02974766
-0.75374615, 0.60710472, 0.25147253
0.39334649, 0.5026705
-0.00571597, 0.05496585, 0.05496591
-0.75374615, 0.46464431, 0.46464431
0.36680877, 0.5026705
-0.00571597, -0.07181635, -0.02974743
-0.75374615, -0.60710472, -0.25147253
0.39334545, 0.5026705
-0.00571597, -0.05496594, -0.05496567
-0.75374615, -0.46464431, -0.46464431
0.36680877, 0.5026705
-0.06670225, 0.02662173, 0.06427032
-0.90878016, 0.15964232, 0.38544878
0.27716848, 0.5902712
-0.06670225, -1.2e-07, 0.0695658
-0.90878016, 0.0, 0.41721854
0.27716848, 0.63082567
-0.00571597, 0.02974722, -0.07181638
-0.75374615, 0.25147253, -0.60710472
0.39334649, 0.5026705
-0.05869147, 0.05496573, -0.05496591
-0.37095249, 0.65663624, -0.65663624
0.36680877, 0.54902178
-0.00571597, 0.05496573, -0.05496591
-0.75374615, 0.46464431, -0.46464431
0.36680877, 0.5026705
-0.06670225, -0.02662158, -0.06427032
-0.90878016, -0.15964232, -0.38544878
0.48104617, 0.63082394
-0.06670225, 2.1e-07, -0.06956577
-0.90878016, 0.0, -0.41721854
0.48104617, 0.59026942
-0.00571597, -1.2e-07, 0.07773349
-0.75374615, 0.0, 0.65712452
0.39334649, 0.5026705
-0.05869147, -0.0297474, 0.07181638
-0.37095249, -0.35535753, 0.85793632
0.36680877, 0.54902178
-0.00571597, -0.0297474, 0.07181638
-0.75374615, -0.25147253, 0.60710472
0.36680877, 0.5026705
-0.00571597, 2.4e-07, -0.07773346
-0.75374615, 0.0, -0.65712452
0.39334545, 0.502671
-0.05869147, 0.02974722, -0.07181638
-0.37095249, 0.35535753, -0.85793632
0.36680877, 0.54902285
-0.00571597, 0.02974722, -0.07181638
-0.75374615, 0.25147253, -0.60710472
0.36680877, 0.502671
-0.00571597, 0.05496573, -0.05496591
-0.75374615, 0.46464431, -0.46464431
0.39334649, 0.5026705
-0.05869147, 0.07181627, -0.02974761
-0.37095249, 0.85793632, -0.35535753
0.36680877, 0.54902178
-0.00571597, 0.07181627, -0.02974761
-0.75374615, 0.60710472, -0.25147253
0.36680877, 0.5026705
-0.00571597, 0.05496585, 0.05496591
-0.75374615, 0.46464431, 0.46464431
0.39334545, 0.5026705
-0.00571597, 0.02974737, 0.07181618
-0.75374615, 0.25147253, 0.60710472
0.36680877, 0.5026705
-0.00571597, -0.05496594, -0.05496567
-0.75374615, -0.46464431, -0.46464431
0.39334649, 0.5026705
-0.00571597, -0.02974725, -0.07181615
-0.75374615, -0.25147253, -0.60710472
0.36680877, 0.5026705
-0.00571597, -0.07773343, 0.0
-0.75374615, -0.65712452, 0.0
0.39334649, 0.5026705
-0.00571597, -0.07181635, -0.02974743
-0.75374615, -0.60710472, -0.25147253
0.36680877, 0.5026705
-0.00571597, -0.05496582, 0.05496591
-0.75374615, -0.46464431, 0.46464431
0.39334545, 0.502671
-0.05869147, -0.0718163, 0.02974766
-0.37095249, -0.85793632, 0.35535753
0.36680877, 0.54902285
-0.00571597, -0.0718163, 0.02974766
-0.75374615, -0.60710472, 0.25147253
0.36680877, 0.5026705
-0.00571597, 0.07773337, 0.0
-0.75374615, 0.65712452, 0.0
0.39334649, 0.5026705
-0.00571597, 0.07181627, 0.02974766
-0.75374615, 0.60710472, 0.25147253
0.36680877, 0.5026705
-0.00571597, 0.02974722, -0.07181638
-0.75374615, 0.25147253, -0.60710472
0.40179017, 0.62570396
-0.00571597, 1.5e-07, -0.15727508
-0.8969695, 0.0, 0.4420301
0.40977222, 0.65644073
-0.00571597, 2.4e-07, -0.07773346
-0.75374615, 0.0, -0.65712452
0.39426309, 0.63323003
-0.00571597, 0.11121029, -0.11121035
-0.8969695, -0.31257057, 0.31257057
0.43324235, 0.62131524
-0.00571597, 0.06018648, -0.14530355
-0.8969695, -0.16916409, 0.40839869
0.42500091, 0.64121246
-0.00571597, 0.07181627, -0.02974761
-0.75374615, 0.60710472, -0.25147253
0.40586346, 0.60522503
-0.00571597, 0.05496573, -0.05496591
-0.75374615, 0.46464431, -0.46464431
0.40586346, 0.6158694
-0.00571597, 0.07773337, 0.0
-0.75374615, 0.65712452, 0.0
0.40179017, 0.59539071
-0.00571597, 0.14530322, -0.0601868
-0.8969695, -0.40839869, 0.16916409
0.43324235, 0.59977883
-0.00571597, 0.07181627, 0.02974766
-0.75374615, 0.60710472, 0.25147253
0.39426309, 0.58786383
-0.00571597, 0.15727517, 0.0
-0.8969695, -0.4420301, 0.0
0.4250007, 0.579882
-0.00571597, 0.11121032, 0.11121038
-0.8969695, -0.31257057, -0.31257057
0.38987517, 0.55641145
-0.00571597, 0.14530322, 0.0601868
-0.8969695, -0.40839869, -0.16916409
0.40977201, 0.56465331
-0.00571597, 0.05496585, 0.05496591
-0.75374615, 0.46464431, 0.46464431
0.38442898, 0.58379075
-0.00571597, 0.06018659, 0.14530331
-0.8969695, -0.16916409, -0.40839869
0.36833876, 0.55641145
-0.00571597, -1.2e-07, 0.07773349
-0.75374615, 0.0, 0.65712452
0.36395046, 0.58786422
-0.00571597, 0.02974737, 0.07181618
-0.75374615, 0.25147253, 0.60710472
0.37378499, 0.58379075
-0.00571597, -0.0297474, 0.07181638
-0.75374615, -0.25147253, 0.60710472
0.35642359, 0.59539133
-0.00571597, -6e-08, 0.15727508
-0.8969695, 0.0, -0.4420301
0.34844154, 0.56465352
-0.00571597, -0.11121035, 0.11121038
-0.8969695, 0.31257057, -0.31257057
0.32497141, 0.59977943
-0.00571597, -0.06018668, 0.14530343
-0.8969695, 0.16916409, -0.40839869
0.33321285, 0.579882
-0.00571597, -0.0718163, 0.02974766
-0.75374615, -0.60710472, 0.25147253
0.35235006, 0.6158694
-0.00571597, -0.05496582, 0.05496591
-0.75374615, -0.46464431, 0.46464431
0.35235006, 0.60522503
-0.00571597, -0.07773343, 0.0
-0.75374615, -0.65712452, 0.0
0.35642377, 0.62570354
-0.00571597, -0.14530326, 0.0601868
-0.8969695, 0.40839869, -0.16916409
0.32497141, 0.62131566
-0.10217172, 0.0, -0.32268459
-0.90878016, 0.0, -0.41721854
0.21638966, 0.94414305
-0.06949329, -0.13623653, -0.32890385
-0.37095249, -0.35535753, -0.85793632
0.17237663, 0.83725533
-0.10217172, -0.12348606, -0.29812139
-0.90878016, -0.15964232, -0.38544878
0.21638966, 0.84250258
-0.00571597, -0.07181635, -0.02974743
-0.75374615, -0.60710472, -0.25147253
0.36395046, 0.63323042
-0.00571597, -0.15727516, 0.0
-0.8969695, 0.4420301, 0.0
0.33321309, 0.6412127
-0.00571597, -0.11121041, -0.11121017
-0.8969695, 0.31257057, 0.31257057
0.36833876, 0.66468281
-0.00571597, -0.14530332, -0.0601868
-0.8969695, 0.40839869, 0.16916409
0.34844175, 0.65644115
-0.00571597, -0.05496594, -0.05496567
-0.75374615, -0.46464431, -0.46464431
0.3737846, 0.63730413
-0.00571597, -0.06018656, -0.14530331
-0.8969695, 0.16916409, 0.40839869
0.38987517, 0.66468281
-0.00571597, -0.02974725, -0.07181615
-0.75374615, -0.25147253, -0.60710472
0.38442916, 0.63730413
-0.10217133, 0.21701083, 0.0
-0.95522934, -0.29584643, 0.0
0.31510264, 0.85913438
-0.10217172, 0.29812154, 0.12348616
-0.90878016, 0.38544878, 0.15964232
0.21639527, 0.94413163
-0.10217172, 0.3226845, 0.0
-0.90878016, 0.41721854, 0.0
0.21639527, 0.84249164
-0.10217133, -0.20049188, 0.08304662
-0.95522934, 0.27332377, -0.11319315
0.31510374, 0.85913438
-0.10217172, -0.3226845, 0.0
-0.90878016, -0.41721854, 0.0
0.21639527, 0.94413163
-0.10217172, -0.29812157, 0.12348616
-0.90878016, -0.38544878, 0.15964232
0.21639527, 0.84249069
-0.10217133, 0.21701083, 0.0
-0.95522934, -0.29584643, 0.0
0.31510264, 0.92748888
-0.10217172, 0.29812154, -0.12348616
-0.90878016, 0.38544878, -0.15964232
0.21639527, 0.84249164
-0.10217133, 0.20049182, -0.08304662
-0.95522934, -0.27332377, 0.11319315
0.31510264, 0.85913438
-0.10217133, -0.20049188, 0.08304662
-0.95522934, 0.27332377, -0.11319315
0.31510264, 0.92748888
-0.10217172, -0.22817241, 0.22817245
-0.90878016, -0.29499191, 0.29499191
0.21639304, 0.84249164
-0.10217133, -0.15344985, 0.15344989
-0.95522934, 0.20917386, -0.20917386
0.31510264, 0.85913438
-0.10217133, 0.1534498, -0.15345001
-0.95522934, -0.20917386, 0.20917386
0.31510374, 0.85913393
-0.10217172, 0.29812154, -0.12348616
-0.90878016, 0.38544878, -0.15964232
0.21639527, 0.94413163
-0.10217172, 0.22817227, -0.22817254
-0.90878016, 0.29499191, -0.29502243
0.21639527, 0.84249069
-0.10217133, -0.08304653, 0.20049194
-0.95522934, 0.11319315, -0.27332377
0.31510264, 0.85913438
-0.10217172, -0.22817241, 0.22817245
-0.90878016, -0.29499191, 0.29499191
0.21639527, 0.94413163
-0.10217172, -0.12348606, 0.29812163
-0.90878016, -0.15964232, 0.38544878
0.21639527, 0.84249164
-0.10217133, 0.1534498, -0.15345001
-0.95522934, -0.20917386, 0.20917386
0.31510374, 0.92748888
-0.10217133, 0.12348583, -0.29812163
-0.90878016, 0.15964232, -0.38544878
0.21639527, 0.84249164
-0.10217133, 0.08304635, -0.20049191
-0.95522934, -0.11319315, 0.27332377
0.31510374, 0.85913438
-0.10217133, -0.08304653, 0.20049194
-0.95522934, 0.11319315, -0.27332377
0.31510374, 0.92748888
-0.10217133, -6e-08, 0.32268447
-0.90878016, 0.0, 0.41721854
0.21639527, 0.84249069
-0.10217133, -3e-08, 0.2170108
-0.95522934, 0.0, -0.29584643
0.31510374, 0.85913393
-0.10217133, -0.15344988, -0.15344977
-0.95522934, 0.20917386, 0.20917386
0.31510264, 0.85913438
-0.10217172, -0.12348606, -0.29812139
-0.90878016, -0.15964232, -0.38544878
0.21639527, 0.94413163
-0.10217172, -0.22817241, -0.2281723
-0.90878016, -0.29499191, -0.29499191
0.21639527, 0.84249164
-0.10217133, 6e-08, -0.21701092
-0.95522934, 0.0, 0.29584643
0.31510264, 0.85913438
-0.10217133, 0.12348583, -0.29812163
-0.90878016, 0.15964232, -0.38544878
0.21639527, 0.94413163
-0.10217172, 0.0, -0.32268459
-0.90878016, 0.0, -0.41721854
0.21639527, 0.84249164
-0.10217133, 0.08304641, 0.20049194
-0.95522934, -0.11319315, -0.27332377
0.31510374, 0.85913393
-0.10217133, -6e-08, 0.32268447
-0.90878016, 0.0, 0.41721854
0.21639527, 0.94413115
-0.10217133, 0.12348589, 0.29812175
-0.90878016, 0.15964232, 0.38544878
0.21639527, 0.84249069
-0.10217133, 6e-08, -0.21701092
-0.95522934, 0.0, 0.29584643
0.31510374, 0.92748888
-0.10217133, -0.0830465, -0.20049167
-0.95522934, 0.11319315, 0.27332377
0.31510374, 0.85913393
-0.10217133, 0.1534498, 0.15345001
-0.95522934, -0.20917386, -0.20917386
0.31510374, 0.85913438
-0.10217133, 0.12348589, 0.29812175
-0.90878016, 0.15964232, 0.38544878
0.21639527, 0.94413163
-0.10217172, 0.22817233, 0.22817257
-0.90878016, 0.29499191, 0.29502243
0.21639527, 0.84249069
-0.10217133, -0.20049189, -0.08304662
-0.95522934, 0.27332377, 0.11319315
0.31510374, 0.85913393
-0.10217172, -0.22817241, -0.2281723
-0.90878016, -0.29499191, -0.29499191
0.21639527, 0.94413115
-0.10217172, -0.29812157, -0.12348616
-0.90878016, -0.38544878, -0.15964232
0.21639527, 0.84249069
-0.10217133, 0.1534498, 0.15345001
-0.95522934, -0.20917386, -0.20917386
0.31510374, 0.92748982
-0.10217172, 0.29812154, 0.12348616
-0.90878016, 0.38544878, 0.15964232
0.21639527, 0.84249164
-0.10217133, 0.20049182, 0.08304662
-0.95522934, -0.27332377, -0.11319315
0.31510374, 0.85913438
-0.10217133, -0.20049189, -0.08304662
-0.95522934, 0.27332377, 0.11319315
0.31510264, 0.92748888
-0.10217172, -0.3226845, 0.0
-0.90878016, -0.41721854, 0.0
0.21639527, 0.84249164
-0.10217133, -0.21701086, 0.0
-0.95522934, 0.29584643, 0.0
0.31510264, 0.85913393
-0.05777904, -0.20520595, 0.0
-0.34904018, 0.93707085, 0.0
0.30265695, 0.58866912
-0.00571597, -0.14530332, -0.0601868
-0.8969695, 0.40839869, 0.16916409
0.3419413, 0.62223908
-0.05777904, -0.1895856, -0.07852912
-0.34904018, 0.86574906, 0.35859248
0.30265695, 0.6266779
-0.05777904, 0.18958548, 0.07852912
-0.34904018, -0.86574906, -0.35859248
0.30265695, 0.58866942
-0.00571597, 0.11121032, 0.11121038
-0.8969695, -0.31257057, -0.31257057
0.3419413, 0.62223908
-0.05777904, 0.14510253, 0.14510274
-0.34904018, -0.66261786, -0.66261786
0.30265695, 0.62667817
-0.05777904, -0.14510258, -0.14510226
-0.34904018, 0.66261786, 0.66261786
0.30265695, 0.62667733
-0.00571597, -0.14530332, -0.0601868
-0.8969695, 0.40839869, 0.16916409
0.3419413, 0.59310821
-0.00571597, -0.11121041, -0.11121017
-0.8969695, 0.31257057, 0.31257057
0.3419413, 0.62223881
-0.05777904, 0.14510253, 0.14510274
-0.34904018, -0.66261786, -0.66261786
0.30265695, 0.58866912
-0.00571597, 0.06018659, 0.14530331
-0.8969695, -0.16916409, -0.40839869
0.3419413, 0.62223881
-0.05777904, 0.07852888, 0.1895856
-0.34904018, -0.35859248, -0.86574906
0.30265695, 0.6266779
-0.05777904, -0.07852891, -0.18958533
-0.34904018, 0.35859248, 0.86574906
0.30265695, 0.6266779
-0.00571597, -0.11121041, -0.11121017
-0.8969695, 0.31257057, 0.31257057
0.3419413, 0.59310821
-0.00571597, -0.06018656, -0.14530331
-0.8969695, 0.16916409, 0.40839869
0.34194061, 0.62223908
-0.05777904, 0.07852888, 0.1895856
-0.34904018, -0.35859248, -0.86574906
0.30265695, 0.58866912
-0.00571597, -6e-08, 0.15727508
-0.8969695, 0.0, -0.4420301
0.3419413, 0.62223881
-0.05777904, -3e-08, 0.20520601
-0.3490707, 0.0, -0.93707085
0.30265695, 0.6266779
-0.05777904, 9e-08, -0.20520598
-0.34904018, 0.0, 0.93707085
0.30265695, 0.58866942
-0.00571597, 0.06018648, -0.14530355
-0.8969695, -0.16916409, 0.40839869
0.3419413, 0.62223908
-0.05777904, 0.07852879, -0.18958557
-0.34904018, -0.35859248, 0.86574906
0.30265695, 0.62667817
-0.05777904, 9e-08, -0.20520598
-0.34904018, 0.0, 0.93707085
0.30265695, 0.6266779
-0.00571597, -0.06018656, -0.14530331
-0.8969695, 0.16916409, 0.40839869
0.3419413, 0.59310821
-0.00571597, 1.5e-07, -0.15727508
-0.8969695, 0.0, 0.4420301
0.3419413, 0.62223881
-0.00571597, 0.07181627, -0.02974761
-0.75374615, 0.60710472, -0.25147253
0.39334649, 0.5026705
-0.05869147, 0.07773337, 0.0
-0.37095249, 0.92861718, 0.0
0.36680877, 0.54902178
-0.00571597, 0.07773337, 0.0
-0.75374615, 0.65712452, 0.0
0.36680877, 0.5026705
-0.06670225, -0.06427026, 0.02662212
-0.90878016, -0.38544878, 0.15964232
0.35882917, 0.71248552
-0.06670225, -0.06956568, 0.0
-0.90878016, -0.41721854, 0.0
0.39938459, 0.71248552
-0.06670225, 0.06427023, -0.02662212
-0.90878016, 0.38544878, -0.15964232
0.39938542, 0.50860873
-0.06670225, 0.06956565, 0.0
-0.90878016, 0.41721854, 0.0
0.35882917, 0.50860873
-0.00571597, -0.0297474, 0.07181638
-0.75374615, -0.25147253, 0.60710472
0.39334545, 0.5026705
-0.05869147, -0.05496582, 0.05496591
-0.37095249, -0.65663624, 0.65663624
0.36680877, 0.54902285
-0.00571597, -0.05496582, 0.05496591
-0.75374615, -0.46464431, 0.46464431
0.36680877, 0.5026705
-0.06670225, 0.02662152, -0.0642705
-0.90878016, 0.15964232, -0.38544878
0.46552697, 0.55280361
-0.06670225, 0.04919031, -0.04919046
-0.90878016, 0.29499191, -0.29502243
0.4368512, 0.52412704
-0.06670225, -0.02662167, 0.06427056
-0.90878016, -0.15964232, 0.38544878
0.29268768, 0.66829237
-0.06670225, -0.04919037, 0.04919046
-0.90878016, -0.29499191, 0.29502243
0.32136336, 0.69696721
-0.00571597, 0.02974737, 0.07181618
-0.75374615, 0.25147253, 0.60710472
0.39334649, 0.5026705
-0.05869147, -1.2e-07, 0.07773349
-0.37095249, 0.0, 0.92861718
0.36680877, 0.54902285
-0.00571597, -1.2e-07, 0.07773349
-0.75374615, 0.0, 0.65712452
0.36680877, 0.5026705
-0.09260821, 9e-08, -0.20520598
-0.45265055, 0.0, 0.89165932
0.28315136, 0.58866942
-0.05777904, 0.14510253, -0.1451025
-0.34904018, -0.66261786, 0.66261786
0.30265695, 0.62667817
-0.09260821, 0.07852879, -0.18958557
-0.45265055, -0.34122744, 0.82378614
0.28315136, 0.58866942
-0.05777904, 0.07852879, -0.18958557
-0.34904018, -0.35859248, 0.86574906
0.30265695, 0.58866942
-0.05777904, 0.18958548, -0.07852912
-0.34904018, -0.86574906, 0.35859248
0.30265695, 0.6266779
-0.09260821, 0.14510253, -0.1451025
-0.45265055, -0.6304819, 0.6304819
0.28315136, 0.58866912
-0.05777904, 0.14510253, -0.1451025
-0.34904018, -0.66261786, 0.66261786
0.30265695, 0.58866912
-0.05777904, 0.20520595, 0.0
-0.34904018, -0.93707085, 0.0
0.30265695, 0.6266779
-0.09260821, 0.18958548, -0.07852912
-0.45265055, -0.82378614, 0.34122744
0.28315106, 0.58866912
-0.05777904, 0.18958548, -0.07852912
-0.34904018, -0.86574906, 0.35859248
0.30265695, 0.58866912
-0.05777904, 0.18958548, 0.07852912
-0.34904018, -0.86574906, -0.35859248
0.30265695, 0.62667817
-0.09260821, 0.20520595, 0.0
-0.45265055, -0.89165932, 0.0
0.28315106, 0.58866912
-0.05777904, 0.20520595, 0.0
-0.34904018, -0.93707085, 0.0
0.30265695, 0.58866912
-0.09260821, 0.18958548, 0.07852912
-0.45265055, -0.82378614, -0.34122744
0.28315136, 0.58866942
-0.09260821, 0.14510253, 0.14510274
-0.45265055, -0.6304819, -0.63051242
0.28315136, 0.58866912
-0.09260821, 0.07852888, 0.1895856
-0.45265055, -0.34122744, -0.82378614
0.28315136, 0.58866912
-0.05777904, -0.07852897, 0.18958569
-0.34904018, 0.35859248, -0.86574906
0.30265695, 0.6266779
-0.09260821, -3e-08, 0.20520601
-0.45265055, 0.0, -0.89165932
0.28315136, 0.58866912
-0.05777904, -3e-08, 0.20520601
-0.3490707, 0.0, -0.93707085
0.30265695, 0.58866912
-0.05777904, -0.14510253, 0.14510262
-0.34904018, 0.66261786, -0.66261786
0.30265695, 0.6266779
-0.09260821, -0.07852897, 0.18958569
-0.45265055, 0.34122744, -0.82378614
0.28315106, 0.58866912
-0.05777904, -0.07852897, 0.18958569
-0.34904018, 0.35859248, -0.86574906
0.30265695, 0.58866912
-0.05777904, -0.18958557, 0.07852912
-0.34904018, 0.86574906, -0.35859248
0.30265695, 0.6266779
-0.09260821, -0.14510253, 0.14510262
-0.45265055, 0.63051242, -0.63051242
0.28315106, 0.58866912
-0.05777904, -0.14510253, 0.14510262
-0.34904018, 0.66261786, -0.66261786
0.30265695, 0.58866912
-0.05777904, -0.20520595, 0.0
-0.34904018, 0.93707085, 0.0
0.30265695, 0.6266779
-0.09260821, -0.18958557, 0.07852912
-0.45265055, 0.82378614, -0.34122744
0.28315136, 0.58866912
-0.05777904, -0.18958557, 0.07852912
-0.34904018, 0.86574906, -0.35859248
0.30265695, 0.58866912
-0.09260821, -0.20520595, 0.0
-0.45265055, 0.89165932, 0.0
0.28315106, 0.58866912
-0.09260821, -0.1895856, -0.07852912
-0.45265055, 0.82378614, 0.34122744
0.28315136, 0.58866912
-0.05777904, -0.1895856, -0.07852912
-0.34904018, 0.86574906, 0.35859248
0.30265695, 0.58866912
-0.09260821, -0.14510258, -0.14510226
-0.45265055, 0.6304819, 0.6304819
0.28315106, 0.58866942
-0.05777904, -0.14510258, -0.14510226
-0.34904018, 0.66261786, 0.66261786
0.30265695, 0.58866912
-0.09260821, -0.07852891, -0.18958533
-0.45265055, 0.34122744, 0.82378614
0.28315136, 0.58866912
-0.05777904, -0.07852891, -0.18958533
-0.34904018, 0.35859248, 0.86574906
0.30265695, 0.58866912
-0.09260821, 9e-08, -0.20520598
-0.45265055, 0.0, 0.89165932
0.32940471, 0.86099347
-0.10217133, 0.08304635, -0.20049191
-0.95522934, -0.11319315, 0.27332377
0.31510264, 0.92748888
-0.09260821, 0.07852879, -0.18958557
-0.45265055, -0.34122744, 0.82378614
0.32940471, 0.86099347
-0.09260821, 0.14510253, -0.1451025
-0.45265055, -0.6304819, 0.6304819
0.32940471, 0.860993
-0.10217133, 0.20049182, -0.08304662
-0.95522934, -0.27332377, 0.11319315
0.31510374, 0.92748888
-0.09260821, 0.20520595, 0.0
-0.45265055, -0.89165932, 0.0
0.32940418, 0.92562981
-0.09260821, 0.18958548, -0.07852912
-0.45265055, -0.82378614, 0.34122744
0.32940418, 0.860993
-0.09260821, 0.20520595, 0.0
-0.45265055, -0.89165932, 0.0
0.32940418, 0.860993
-0.10217133, 0.20049182, 0.08304662
-0.95522934, -0.27332377, -0.11319315
0.31510264, 0.92748888
-0.09260821, 0.14510253, 0.14510274
-0.45265055, -0.6304819, -0.63051242
0.32940471, 0.92563028
-0.09260821, 0.18958548, 0.07852912
-0.45265055, -0.82378614, -0.34122744
0.32940471, 0.86099347
-0.09260821, 0.14510253, 0.14510274
-0.45265055, -0.6304819, -0.63051242
0.32940471, 0.860993
-0.10217133, 0.08304641, 0.20049194
-0.95522934, -0.11319315, -0.27332377
0.31510374, 0.92748888
-0.09260821, -3e-08, 0.20520601
-0.45265055, 0.0, -0.89165932
0.32940471, 0.92562981
-0.09260821, 0.07852888, 0.1895856
-0.45265055, -0.34122744, -0.82378614
0.32940471, 0.860993
-0.09260821, -0.07852897, 0.18958569
-0.45265055, 0.34122744, -0.82378614
0.32940471, 0.92562981
-0.09260821, -3e-08, 0.20520601
-0.45265055, 0.0, -0.89165932
0.32940471, 0.860993
-0.09260821, -0.14510253, 0.14510262
-0.45265055, 0.63051242, -0.63051242
0.32940418, 0.92562981
-0.09260821, -0.07852897, 0.18958569
-0.45265055, 0.34122744, -0.82378614
0.32940418, 0.860993
-0.09260821, -0.18958557, 0.07852912
-0.45265055, 0.82378614, -0.34122744
0.32940418, 0.92562981
-0.09260821, -0.14510253, 0.14510262
-0.45265055, 0.63051242, -0.63051242
0.32940418, 0.860993
-0.09260821, -0.20520595, 0.0
-0.45265055, 0.89165932, 0.0
0.32940471, 0.92562981
-0.09260821, -0.18958557, 0.07852912
-0.45265055, 0.82378614, -0.34122744
0.32940471, 0.860993
-0.09260821, -0.20520595, 0.0
-0.45265055, 0.89165932, 0.0
0.32940418, 0.860993
-0.09260821, -0.14510258, -0.14510226
-0.45265055, 0.6304819, 0.6304819
0.32940471, 0.92562885
-0.09260821, -0.1895856, -0.07852912
-0.45265055, 0.82378614, 0.34122744
0.32940471, 0.860993
-0.09260821, -0.07852891, -0.18958533
-0.45265055, 0.34122744, 0.82378614
0.32940418, 0.92562981
-0.09260821, -0.14510258, -0.14510226
-0.45265055, 0.6304819, 0.6304819
0.32940418, 0.86099347
-0.09260821, 9e-08, -0.20520598
-0.45265055, 0.0, 0.89165932
0.32940471, 0.92562981
-0.09260821, -0.07852891, -0.18958533
-0.45265055, 0.34122744, 0.82378614
0.32940471, 0.860993
-0.00571597, 0.15727517, 0.0
-0.8969695, -0.4420301, 0.0
0.3419413, 0.59310821
-0.00571597, 0.14530322, 0.0601868
-0.8969695, -0.40839869, -0.16916409
0.3419413, 0.62223908
-0.00571597, -0.14530326, 0.0601868
-0.8969695, 0.40839869, -0.16916409
0.3419413, 0.59310821
-0.00571597, -0.15727516, 0.0
-0.8969695, 0.4420301, 0.0
0.3419413, 0.62223881
-0.00571597, 0.15727517, 0.0
-0.8969695, -0.4420301, 0.0
0.3419413, 0.62223881
-0.00571597, -0.14530326, 0.0601868
-0.8969695, 0.40839869, -0.16916409
0.34194061, 0.62223881
-0.00571597, 0.14530322, -0.0601868
-0.8969695, -0.40839869, 0.16916409
0.3419413, 0.62223881
-0.00571597, -0.06018668, 0.14530343
-0.8969695, 0.16916409, -0.40839869
0.3419413, 0.59310821
-0.00571597, -0.11121035, 0.11121038
-0.8969695, 0.31257057, -0.31257057
0.3419413, 0.62223908
-0.00571597, 0.11121029, -0.11121035
-0.8969695, -0.31257057, 0.31257057
0.3419413, 0.62223908
-0.00571597, -0.06018668, 0.14530343
-0.8969695, 0.16916409, -0.40839869
0.3419413, 0.62223881
-0.06949329, -0.25173223, -0.25173217
-0.37095249, -0.65663624, -0.65663624
0.17237552, 0.83725533
-0.06949329, -0.25173223, -0.25173217
-0.37095249, -0.65663624, -0.65663624
0.17237663, 0.94939029
-0.06949329, -0.32890397, -0.13623655
-0.37095249, -0.85793632, -0.35535753
0.17237663, 0.83725533
-0.06949329, -0.32890397, -0.13623655
-0.37095249, -0.85793632, -0.35535753
0.17237552, 0.94939029
-0.06949329, -0.35600314, 0.0
-0.37095249, -0.92861718, 0.0
0.17237552, 0.83725533
-0.06949329, -0.32890397, 0.13623658
-0.37095249, -0.85793632, 0.35535753
0.17237663, 0.83725533
-0.10217172, -0.29812157, 0.12348616
-0.90878016, -0.38544878, 0.15964232
0.21638966, 0.94414305
-0.06949329, -0.25173223, 0.25173229
-0.37095249, -0.65663624, 0.65663624
0.17237663, 0.83725533
-0.06949329, -0.13623653, 0.328904
-0.37095249, -0.35535753, 0.85793632
0.17237663, 0.83725533
-0.06949329, -0.13623653, 0.328904
-0.37095249, -0.35535753, 0.85793632
0.17237552, 0.94939029
-0.06949329, -6e-08, 0.35600311
-0.37095249, 0.0, 0.92861718
0.17237552, 0.83725533
-0.06949329, -6e-08, 0.35600311
-0.37095249, 0.0, 0.92861718
0.17237663, 0.94939029
-0.06949329, 0.13623637, 0.32890412
-0.37095249, 0.35535753, 0.85793632
0.17237663, 0.83725533
-0.06949329, 0.25173214, 0.25173238
-0.37095249, 0.65663624, 0.65663624
0.17237663, 0.83725533
-0.06949329, 0.25173214, 0.25173238
-0.37095249, 0.65663624, 0.65663624
0.17237663, 0.94939029
-0.06949329, 0.32890394, 0.13623658
-0.37095249, 0.85793632, 0.35535753
0.17237663, 0.83725533
-0.06949329, 0.32890394, 0.13623658
-0.37095249, 0.85793632, 0.35535753
0.17237552, 0.94939029
-0.06949329, 0.35600314, 0.0
-0.37095249, 0.92861718, 0.0
0.17237552, 0.83725533
-0.10217172, 0.3226845, 0.0
-0.90878016, 0.41721854, 0.0
0.21638966, 0.94414305
-0.06949329, 0.32890394, -0.13623655
-0.37095249, 0.85793632, -0.35535753
0.17237552, 0.83725533
-0.06949329, 0.25173214, -0.25173235
-0.37095249, 0.65663624, -0.65663624
0.17237663, 0.83725533
-0.06949329, 0.25173214, -0.25173235
-0.37095249, 0.65663624, -0.65663624
0.17237663, 0.94939029
-0.06949329, 0.13623631, -0.32890409
-0.37095249, 0.35535753, -0.85793632
0.17237552, 0.83725533
-0.06949329, -3e-08, -0.35600311
-0.37095249, 0.0, -0.92861718
0.17237663, 0.83725533
-0.06949329, -0.35600314, 0.0
-0.37095249, -0.92861718, 0.0
0.04000994, 0.8372539
0.06949332, -0.35600314, 0.0
0.37095249, -0.92861718, 0.0
0.1723783, 0.8372539
0.06949332, 0.35600314, 0.0
0.37095249, 0.92861718, 0.0
0.1723783, 0.94938982
-0.06949329, 0.13623637, 0.32890412
-0.37095249, 0.35535753, 0.85793632
0.04000994, 0.94938934
-0.06670225, 0.06427023, 0.02662212
-0.90878016, 0.38544878, 0.15964232
0.36820224, 0.55893478
-0.06670225, 0.0491904, 0.04919046
-0.90878016, 0.29499191, 0.29502243
0.36820331, 0.55893478
0.06949332, -0.13623653, -0.32890385
0.37095249, -0.35535753, -0.85793632
0.1723783, 0.94938982
-0.06670225, 0.02662173, 0.06427032
-0.90878016, 0.15964232, 0.38544878
0.36820224, 0.55893478
0.06949332, 0.25173214, -0.25173235
0.37095249, 0.65663624, -0.65663624
0.1723783, 0.94938982
-0.06949329, -0.32890397, 0.13623658
-0.37095249, -0.85793632, 0.35535753
0.04000994, 0.94938982
0.00571638, -6e-08, 0.15727508
0.8969695, 0.0, -0.4420301
0.3419413, 0.59310821
0.00571638, 0.06018648, -0.14530355
0.8969695, -0.16916409, 0.40839869
0.3419413, 0.59310821
0.00571638, -0.11121035, 0.11121038
0.8969695, 0.31257057, -0.31257057
0.3419413, 0.62223908
0.00571638, 0.11121029, -0.11121035
0.8969695, -0.31257057, 0.31257057
0.3419413, 0.59310821
0.00571638, -0.11121035, 0.11121038
0.8969695, 0.31257057, -0.31257057
0.3419413, 0.59310821
0.00571638, 0.14530322, -0.0601868
0.8969695, -0.40839869, 0.16916409
0.3419413, 0.59310821
0.00571638, -0.14530326, 0.0601868
0.8969695, 0.40839869, -0.16916409
0.3419413, 0.59310821
0.00571638, 0.14530322, 0.0601868
0.8969695, -0.40839869, -0.16916409
0.3419413, 0.62223908
0.06949332, -3e-08, -0.35600311
0.37095249, 0.0, -0.92861718
0.1723783, 0.94938982
-0.06949329, 0.32890394, 0.13623658
-0.37095249, 0.85793632, 0.35535753
0.04000994, 0.94938934
-0.06949329, 0.32890394, -0.13623655
-0.37095249, 0.85793632, -0.35535753
0.04000994, 0.94938934
-0.06949329, -0.25173223, -0.25173217
-0.37095249, -0.65663624, -0.65663624
0.04000994, 0.94938934
0.06949332, -0.35600314, 0.0
0.37095249, -0.92861718, 0.0
0.1723783, 0.94938934
0.06949332, -0.25173223, 0.25173229
0.37095249, -0.65663624, 0.65663624
0.1723783, 0.94938934
0.0926086, 9e-08, -0.20520598
0.45265055, 0.0, 0.89165932
0.28315136, 0.6266779
0.0926086, -0.07852891, -0.18958533
0.45265055, 0.34122744, 0.82378614
0.28315106, 0.6266779
0.0926086, -0.14510258, -0.14510226
0.45265055, 0.6304819, 0.6304819
0.28315136, 0.62667733
0.0926086, -0.1895856, -0.07852912
0.45265055, 0.82378614, 0.34122744
0.28315106, 0.6266779
0.0926086, -0.20520595, 0.0
0.45265055, 0.89165932, 0.0
0.28315136, 0.6266779
0.0926086, -0.18958557, 0.07852912
0.45265055, 0.82378614, -0.34122744
0.28315106, 0.6266779
0.0926086, -0.14510253, 0.14510262
0.45265055, 0.63051242, -0.63051242
0.28315106, 0.6266779
0.0926086, -0.07852897, 0.18958569
0.45265055, 0.34122744, -0.82378614
0.28315136, 0.6266779
0.0926086, -3e-08, 0.20520601
0.45265055, 0.0, -0.89165932
0.28315136, 0.6266779
0.0926086, 0.07852888, 0.1895856
0.45265055, -0.34122744, -0.82378614
0.28315136, 0.6266779
0.0926086, 0.14510253, 0.14510274
0.45265055, -0.63051242, -0.63051242
0.28315136, 0.62667817
0.0926086, 0.18958548, 0.07852912
0.45265055, -0.82378614, -0.34122744
0.28315106, 0.62667817
0.0926086, 0.20520595, 0.0
0.45265055, -0.89165932, 0.0
0.28315106, 0.6266779
0.0926086, 0.18958548, -0.07852912
0.45265055, -0.82378614, 0.34122744
0.28315136, 0.6266779
0.0926086, 0.14510253, -0.1451025
0.45265055, -0.6304819, 0.6304819
0.28315136, 0.62667817
0.0926086, 0.07852879, -0.18958557
0.45265055, -0.34122744, 0.82378614
0.28315106, 0.62667817
0.06670263, -1.2e-07, 0.0695658
0.90878016, 0.0, 0.41721854
0.27716848, 0.63082567
0.00571638, 1.5e-07, -0.15727508
0.8969695, 0.0, 0.4420301
0.3419413, 0.62223881
0.00571638, 1.5e-07, -0.15727508
0.8969695, 0.0, 0.4420301
0.3419413, 0.59310874
0.00571638, -6e-08, 0.15727508
0.8969695, 0.0, -0.4420301
0.3419413, 0.62223881
0.00571638, -0.06018656, -0.14530331
0.8969695, 0.16916409, 0.40839869
0.34194061, 0.62223908
0.00571638, 0.11121032, 0.11121038
0.8969695, -0.31257057, -0.31257057
0.3419413, 0.59310821
0.00571638, -0.11121041, -0.11121017
0.8969695, 0.31257057, 0.31257057
0.3419413, 0.62223881
0.00571638, 0.14530322, 0.0601868
0.8969695, -0.40839869, -0.16916409
0.3419413, 0.59310821
0.00571638, -0.15727516, 0.0
0.8969695, 0.4420301, 0.0
0.3419413, 0.59310821
0.10217175, -0.29812157, -0.12348616
0.90878016, -0.38544878, -0.15964232
0.18404923, 0.93887341
0.10217175, 0.22817233, 0.22817257
0.90878016, 0.29502243, 0.29502243
0.18404923, 0.93887389
0.10217175, -0.29812157, -0.12348616
0.90878016, -0.38544878, -0.15964232
0.18404923, 0.83723247
0.10217175, 0.22817233, 0.22817257
0.90878016, 0.29502243, 0.29502243
0.18404923, 0.83723247
0.10217175, 0.0, -0.32268459
0.90878016, 0.0, -0.41721854
0.18404923, 0.93887341
0.10217175, 0.12348589, 0.29812175
0.90878016, 0.15964232, 0.38544878
0.18404923, 0.83723247
0.10217175, 0.0, -0.32268459
0.90878016, 0.0, -0.41721854
0.18404923, 0.83723342
0.10217175, -0.22817241, -0.2281723
0.90878016, -0.29502243, -0.29502243
0.18404923, 0.83723342
0.10217175, -0.12348606, 0.29812163
0.90878016, -0.15964232, 0.38544878
0.18404923, 0.93887294
0.10217175, 0.22817227, -0.22817254
0.90878016, 0.29502243, -0.29502243
0.18404923, 0.93887389
0.10217175, -0.12348606, 0.29812163
0.90878016, -0.15964232, 0.38544878
0.18404923, 0.83723342
0.10217175, 0.29812154, -0.12348616
0.90878016, 0.38544878, -0.15964232
0.18404923, 0.93887341
0.10217175, -0.29812157, 0.12348616
0.90878016, -0.38544878, 0.15964232
0.18405038, 0.93887341
0.10217175, 0.3226845, 0.0
0.90878016, 0.41721854, 0.0
0.18404923, 0.93887341
0.10217175, -0.29812157, 0.12348616
0.90878016, -0.38544878, 0.15964232
0.18404923, 0.83723247
0.10217175, 0.29812154, 0.12348616
0.90878016, 0.38544878, 0.15964232
0.18404923, 0.93887341
0.00571638, -0.14530332, -0.0601868
0.8969695, 0.40839869, 0.16916409
0.34844175, 0.65644115
0.00571638, -0.06018668, 0.14530343
0.8969695, 0.16916409, -0.40839869
0.33321285, 0.579882
0.00571638, 0.14530322, 0.0601868
0.8969695, -0.40839869, -0.16916409
0.40977201, 0.56465331
0.00571638, 0.06018648, -0.14530355
0.8969695, -0.16916409, 0.40839869
0.42500091, 0.64121246
0.05869186, 0.07773337, 0.0
0.37095249, 0.92861718, 0.0
0.39334649, 0.54902285
0.05869186, -0.07773343, 0.0
0.37095249, -0.92861718, 0.0
0.39334649, 0.54902178
0.05869186, -0.05496594, -0.05496567
0.37095249, -0.65663624, -0.65663624
0.39334649, 0.54902178
0.05869186, 0.05496585, 0.05496591
0.37095249, 0.65663624, 0.65663624
0.39334545, 0.54902178
0.05869186, -0.07181635, -0.02974743
0.37095249, -0.85793632, -0.35535753
0.39334545, 0.54902285
0.05869186, 0.07181627, 0.02974766
0.37095249, 0.85793632, 0.35535753
0.39334649, 0.54902178
-0.06949329, -0.13623653, 0.328904
-0.37095249, -0.35535753, 0.85793632
0.04000994, 0.94938982
-0.06670225, -0.06427032, -0.02662188
-0.90878016, -0.38544878, -0.15964232
0.36820224, 0.55893478
-0.06670225, -0.04919052, -0.04919022
-0.90878016, -0.29502243, -0.29502243
0.36820224, 0.55893478
-0.06670225, -0.02662158, -0.06427032
-0.90878016, -0.15964232, -0.38544878
0.36820224, 0.55893478
-0.06949329, -3e-08, -0.35600311
-0.37095249, 0.0, -0.92861718
0.17237663, 0.94939029
-0.10217133, -0.21701086, 0.0
-0.95522934, 0.29584643, 0.0
0.31510374, 0.92748888
-0.10217133, -0.15344985, 0.15344989
-0.95522934, 0.20917386, -0.20917386
0.31510264, 0.92748888
-0.10217172, 0.22817227, -0.22817254
-0.90878016, 0.29499191, -0.29502243
0.21639527, 0.9441321
-0.10217172, -0.12348606, 0.29812163
-0.90878016, -0.15964232, 0.38544878
0.21639527, 0.94413115
-0.10217133, -0.0830465, -0.20049167
-0.95522934, 0.11319315, 0.27332377
0.31510264, 0.92748888
-0.10217133, -3e-08, 0.2170108
-0.95522934, 0.0, -0.29584643
0.31510374, 0.92748888
-0.10217133, -0.15344988, -0.15344977
-0.95522934, 0.20917386, 0.20917386
0.31510374, 0.92748888
-0.10217172, 0.22817233, 0.22817257
-0.90878016, 0.29499191, 0.29502243
0.21639527, 0.9441321
-0.10217172, -0.29812157, -0.12348616
-0.90878016, -0.38544878, -0.15964232
0.21639527, 0.94413163
-0.00571597, -0.15727516, 0.0
-0.8969695, 0.4420301, 0.0
0.3419413, 0.59310821
-0.00571597, 0.14530322, 0.0601868
-0.8969695, -0.40839869, -0.16916409
0.3419413, 0.59310821
-0.00571597, 0.11121032, 0.11121038
-0.8969695, -0.31257057, -0.31257057
0.3419413, 0.59310821
-0.00571597, 0.06018659, 0.14530331
-0.8969695, -0.16916409, -0.40839869
0.3419413, 0.59310821
-0.00571597, 1.5e-07, -0.15727508
-0.8969695, 0.0, 0.4420301
0.3419413, 0.59310874
-0.09260821, 0.07852879, -0.18958557
-0.45265055, -0.34122744, 0.82378614
0.28315106, 0.62667817
-0.09260821, 0.14510253, -0.1451025
-0.45265055, -0.6304819, 0.6304819
0.28315136, 0.62667817
-0.09260821, 0.18958548, -0.07852912
-0.45265055, -0.82378614, 0.34122744
0.28315136, 0.6266779
-0.09260821, 0.20520595, 0.0
-0.45265055, -0.89165932, 0.0
0.28315106, 0.6266779
-0.09260821, 0.18958548, 0.07852912
-0.45265055, -0.82378614, -0.34122744
0.28315106, 0.62667817
-0.09260821, 0.14510253, 0.14510274
-0.45265055, -0.6304819, -0.63051242
0.28315136, 0.62667817
-0.09260821, 0.07852888, 0.1895856
-0.45265055, -0.34122744, -0.82378614
0.28315136, 0.6266779
-0.09260821, -3e-08, 0.20520601
-0.45265055, 0.0, -0.89165932
0.28315136, 0.6266779
-0.09260821, -0.07852897, 0.18958569
-0.45265055, 0.34122744, -0.82378614
0.28315136, 0.6266779
-0.09260821, -0.14510253, 0.14510262
-0.45265055, 0.63051242, -0.63051242
0.28315106, 0.6266779
-0.09260821, -0.18958557, 0.07852912
-0.45265055, 0.82378614, -0.34122744
0.28315106, 0.6266779
-0.09260821, -0.20520595, 0.0
-0.45265055, 0.89165932, 0.0
0.28315136, 0.6266779
-0.09260821, -0.1895856, -0.07852912
-0.45265055, 0.82378614, 0.34122744
0.28315106, 0.6266779
-0.09260821, -0.14510258, -0.14510226
-0.45265055, 0.6304819, 0.6304819
0.28315136, 0.62667733
-0.09260821, -0.07852891, -0.18958533
-0.45265055, 0.34122744, 0.82378614
0.28315106, 0.6266779
-0.09260821, 9e-08, -0.20520598
-0.45265055, 0.0, 0.89165932
0.28315136, 0.6266779
-0.09260821, 0.07852879, -0.18958557
-0.45265055, -0.34122744, 0.82378614
0.32940418, 0.92563028
-0.09260821, 0.14510253, -0.1451025
-0.45265055, -0.6304819, 0.6304819
0.32940471, 0.92563028
-0.09260821, 0.18958548, -0.07852912
-0.45265055, -0.82378614, 0.34122744
0.32940471, 0.92562981
-0.09260821, 0.18958548, 0.07852912
-0.45265055, -0.82378614, -0.34122744
0.32940418, 0.92563028
-0.09260821, 0.07852888, 0.1895856
-0.45265055, -0.34122744, -0.82378614
0.32940471, 0.92562981
-0.09260821, -0.1895856, -0.07852912
-0.45265055, 0.82378614, 0.34122744
0.32940418, 0.92562981
-0.00571597, 0.14530322, -0.0601868
-0.8969695, -0.40839869, 0.16916409
0.3419413, 0.59310821
-0.00571597, -0.11121035, 0.11121038
-0.8969695, 0.31257057, -0.31257057
0.3419413, 0.59310821
-0.00571597, 0.11121029, -0.11121035
-0.8969695, -0.31257057, 0.31257057
0.3419413, 0.59310821
-0.00571597, 0.06018648, -0.14530355
-0.8969695, -0.16916409, 0.40839869
0.3419413, 0.59310821
-0.00571597, -6e-08, 0.15727508
-0.8969695, 0.0, -0.4420301
0.3419413, 0.59310821
-0.06949329, -0.13623653, -0.32890385
-0.37095249, -0.35535753, -0.85793632
0.17237663, 0.94939029
-0.06949329, -0.35600314, 0.0
-0.37095249, -0.92861718, 0.0
0.17237663, 0.94939029
-0.06949329, -0.32890397, 0.13623658
-0.37095249, -0.85793632, 0.35535753
0.17237663, 0.94939029
-0.06949329, -0.25173223, 0.25173229
-0.37095249, -0.65663624, 0.65663624
0.17237663, 0.94939029
-0.06949329, 0.13623637, 0.32890412
-0.37095249, 0.35535753, 0.85793632
0.17237663, 0.94939029
-0.06949329, 0.35600314, 0.0
-0.37095249, 0.92861718, 0.0
0.17237552, 0.94939029
-0.06949329, 0.32890394, -0.13623655
-0.37095249, 0.85793632, -0.35535753
0.17237663, 0.94939029
-0.06949329, 0.13623631, -0.32890409
-0.37095249, 0.35535753, -0.85793632
0.17237552, 0.94939029
-0.06949329, -0.32890397, -0.13623655
-0.37095249, -0.85793632, -0.35535753
0.04000994, 0.94938982
# Number of Faces:
576
# Face Data:
0, 1, 2
3, 4, 5
6, 7, 8
9, 10, 11
12, 13, 14
15, 16, 17
18, 19, 20
21, 22, 23
24, 25, 26
27, 28, 29
30, 31, 32
33, 34, 35
36, 37, 38
39, 40, 41
42, 43, 44
45, 46, 47
48, 49, 50
51, 52, 53
54, 55, 56
57, 58, 59
60, 61, 62
63, 64, 65
66, 67, 68
69, 70, 71
72, 73, 74
75, 76, 77
78, 79, 80
81, 82, 83
84, 85, 86
87, 88, 89
90, 91, 92
93, 94, 95
96, 97, 98
99, 100, 101
102, 103, 104
105, 106, 107
108, 109, 110
111, 112, 113
114, 115, 116
117, 118, 119
120, 121, 122
123, 124, 125
126, 127, 128
129, 130, 131
132, 133, 134
135, 136, 137
138, 139, 140
141, 142, 143
144, 145, 146
147, 148, 149
150, 151, 152
153, 154, 155
156, 68, 67
157, 62, 61
158, 54, 56
159, 50, 49
160, 161, 162
163, 164, 165
166, 167, 168
169, 69, 71
170, 65, 64
171, 59, 58
172, 53, 52
173, 174, 175
176, 177, 178
179, 180, 181
182, 179, 183
184, 185, 186
187, 179, 188
179, 189, 190
191, 192, 193
145, 194, 146
195, 175, 174
161, 196, 162
148, 197, 149
198, 165, 164
151, 199, 152
200, 168, 167
201, 155, 154
202, 203, 105
204, 127, 205
102, 206, 207
208, 209, 124
210, 211, 96
120, 212, 213
214, 215, 142
99, 216, 217
218, 219, 117
220, 139, 221
114, 222, 223
224, 136, 225
226, 227, 111
228, 229, 132
108, 230, 231
232, 130, 233
234, 235, 236
237, 234, 236
238, 239, 237
240, 238, 241
242, 241, 243
244, 243, 245
246, 244, 245
247, 246, 248
249, 248, 250
251, 249, 250
252, 253, 251
254, 252, 255
256, 255, 257
258, 257, 259
260, 258, 259
261, 260, 235
262, 263, 264
265, 266, 267
268, 269, 270
271, 272, 273
274, 275, 276
277, 278, 279
280, 281, 282
283, 284, 285
179, 286, 183
287, 288, 289
290, 179, 291
292, 293, 294
295, 296, 297
179, 298, 299
300, 179, 301
302, 303, 304
305, 306, 307
308, 271, 309
310, 292, 311
312, 268, 313
314, 315, 316
317, 318, 319
320, 321, 322
323, 324, 325
326, 327, 328
329, 274, 330
331, 295, 332
333, 262, 334
335, 336, 337
338, 339, 340
341, 342, 343
344, 345, 346
347, 348, 349
73, 350, 351
31, 352, 353
354, 88, 355
356, 357, 358
91, 359, 360
47, 361, 362
94, 363, 364
365, 366, 367
368, 369, 370
371, 7, 372
373, 374, 375
376, 79, 377
1, 378, 379
83, 380, 381
37, 382, 383
384, 385, 386
387, 388, 365
389, 390, 391
392, 393, 394
395, 396, 397
398, 399, 400
401, 402, 403
404, 405, 406
407, 408, 409
410, 411, 412
413, 414, 415
416, 414, 417
418, 25, 419
420, 402, 421
422, 414, 423
424, 425, 426
427, 414, 428
429, 430, 431
432, 433, 434
435, 436, 437
438, 34, 439
440, 405, 441
442, 399, 443
444, 445, 446
447, 22, 448
449, 450, 451
449, 452, 453
454, 452, 455
456, 457, 454
458, 459, 456
458, 460, 461
462, 463, 460
464, 463, 465
466, 467, 464
466, 468, 469
470, 468, 471
472, 473, 470
474, 475, 476
477, 478, 472
477, 479, 480
481, 482, 479
451, 482, 483
484, 485, 486
487, 488, 489
490, 491, 492
493, 494, 495
496, 497, 498
499, 500, 501
502, 503, 504
505, 506, 507
508, 509, 510
511, 512, 513
514, 515, 516
517, 476, 518
519, 520, 521
522, 523, 524
525, 526, 527
528, 529, 530
531, 532, 533
534, 535, 536
537, 538, 539
540, 541, 542
543, 544, 545
546, 547, 548
549, 550, 551
552, 553, 554
555, 556, 557
558, 414, 559
560, 414, 561
562, 563, 564
565, 414, 566
567, 414, 568
569, 570, 571
551, 572, 549
573, 574, 575
576, 577, 578
579, 580, 581
582, 583, 584
536, 585, 534
542, 586, 540
548, 587, 546
588, 589, 590
591, 592, 593
594, 595, 596
597, 598, 599
533, 600, 531
537, 601, 602
543, 603, 604
552, 605, 606
607, 608, 511
609, 502, 504
610, 611, 496
612, 492, 613
614, 615, 484
616, 527, 617
618, 619, 519
620, 514, 621
622, 507, 623
624, 499, 625
626, 495, 627
628, 487, 629
630, 528, 530
631, 522, 632
633, 508, 634
635, 518, 636
582, 637, 638
597, 639, 640
581, 641, 579
596, 642, 594
578, 643, 576
591, 644, 645
575, 646, 573
590, 647, 588
509, 648, 510
524, 649, 650
529, 651, 652
488, 653, 489
654, 655, 494
500, 656, 501
506, 657, 658
516, 659, 660
520, 661, 521
526, 662, 663
486, 664, 665
666, 667, 491
497, 668, 498
503, 669, 670
512, 671, 513
672, 357, 673
0, 674, 1
3, 408, 4
6, 675, 7
9, 433, 10
12, 425, 13
15, 436, 16
18, 556, 19
21, 676, 22
24, 677, 25
27, 374, 28
30, 678, 31
33, 679, 34
36, 680, 37
39, 570, 40
42, 430, 43
45, 681, 46
48, 682, 49
51, 683, 52
54, 684, 55
57, 685, 58
60, 686, 61
63, 687, 64
66, 688, 67
69, 689, 70
72, 690, 73
75, 369, 76
78, 691, 79
81, 692, 82
84, 385, 85
87, 693, 88
90, 694, 91
93, 695, 94
96, 211, 97
99, 217, 100
102, 207, 103
105, 203, 106
108, 231, 109
111, 227, 112
114, 223, 115
117, 219, 118
120, 213, 121
123, 208, 124
126, 205, 127
129, 233, 130
132, 229, 133
135, 225, 136
138, 221, 139
141, 214, 142
144, 696, 145
147, 697, 148
150, 698, 151
153, 699, 154
156, 700, 68
157, 701, 62
158, 702, 54
159, 703, 50
160, 704, 161
163, 705, 164
166, 706, 167
169, 707, 69
170, 708, 65
171, 709, 59
172, 710, 53
173, 711, 174
176, 326, 177
179, 712, 180
182, 188, 179
184, 320, 185
187, 301, 179
179, 181, 189
191, 335, 192
145, 713, 194
195, 714, 175
161, 715, 196
148, 716, 197
198, 717, 165
151, 718, 199
200, 719, 168
201, 720, 155
202, 721, 203
204, 722, 127
102, 723, 206
208, 724, 209
210, 725, 211
120, 726, 212
214, 727, 215
99, 728, 216
218, 729, 219
220, 730, 139
114, 731, 222
224, 732, 136
226, 733, 227
228, 734, 229
108, 735, 230
232, 736, 130
234, 261, 235
237, 239, 234
238, 737, 239
240, 737, 238
242, 240, 241
244, 242, 243
246, 738, 244
247, 738, 246
249, 247, 248
251, 253, 249
252, 739, 253
254, 739, 252
256, 254, 255
258, 256, 257
260, 740, 258
261, 740, 260
262, 741, 263
265, 317, 266
268, 742, 269
271, 743, 272
274, 744, 275
277, 338, 278
280, 344, 281
283, 323, 284
179, 299, 286
287, 341, 288
290, 712, 179
292, 745, 293
295, 746, 296
179, 190, 298
300, 291, 179
302, 314, 303
305, 347, 306
308, 743, 271
310, 745, 292
312, 742, 268
314, 302, 315
317, 265, 318
320, 184, 321
323, 283, 324
326, 176, 327
329, 744, 274
331, 746, 295
333, 741, 262
335, 191, 336
338, 277, 339
341, 287, 342
344, 280, 345
347, 305, 348
73, 690, 350
31, 678, 352
354, 89, 88
356, 673, 357
91, 694, 359
47, 46, 361
94, 695, 363
365, 388, 366
368, 76, 369
371, 8, 7
373, 28, 374
376, 80, 79
1, 674, 378
83, 82, 380
37, 680, 382
384, 85, 385
387, 747, 388
389, 563, 390
392, 445, 393
395, 411, 396
398, 748, 399
401, 749, 402
404, 750, 405
407, 4, 408
410, 396, 411
413, 561, 414
416, 559, 414
418, 26, 25
420, 403, 402
422, 415, 414
424, 13, 425
427, 417, 414
429, 43, 430
432, 10, 433
435, 16, 436
438, 35, 34
440, 406, 405
442, 400, 399
444, 393, 445
447, 23, 22
449, 453, 450
449, 455, 452
454, 457, 452
456, 459, 457
458, 461, 459
458, 462, 460
462, 465, 463
464, 467, 463
466, 469, 467
466, 471, 468
470, 473, 468
472, 478, 473
474, 751, 475
477, 480, 478
477, 481, 479
481, 483, 482
451, 450, 482
484, 615, 485
487, 752, 488
490, 666, 491
493, 654, 494
496, 611, 497
499, 753, 500
502, 754, 503
505, 755, 506
508, 756, 509
511, 608, 512
514, 757, 515
517, 474, 476
519, 619, 520
522, 758, 523
525, 759, 526
528, 760, 529
531, 761, 532
534, 762, 535
537, 602, 538
540, 763, 541
543, 604, 544
546, 764, 547
549, 765, 550
552, 606, 553
555, 19, 556
558, 568, 414
560, 566, 414
562, 390, 563
565, 428, 414
567, 423, 414
569, 40, 570
551, 766, 572
573, 767, 574
576, 768, 577
579, 769, 580
582, 770, 583
536, 771, 585
542, 772, 586
548, 773, 587
588, 774, 589
591, 775, 592
594, 776, 595
597, 777, 598
533, 778, 600
537, 779, 601
543, 780, 603
552, 781, 605
607, 782, 608
609, 783, 502
610, 784, 611
612, 490, 492
614, 785, 615
616, 525, 527
618, 786, 619
620, 757, 514
622, 505, 507
624, 753, 499
626, 493, 495
628, 752, 487
630, 787, 528
631, 758, 522
633, 756, 508
635, 517, 518
582, 584, 637
597, 599, 639
581, 788, 641
596, 789, 642
578, 790, 643
591, 593, 644
575, 791, 646
590, 792, 647
509, 793, 648
524, 523, 649
529, 760, 651
488, 794, 653
654, 795, 655
500, 796, 656
506, 755, 657
516, 515, 659
520, 797, 661
526, 759, 662
486, 485, 664
666, 798, 667
497, 799, 668
503, 754, 669
512, 800, 671
672, 801, 357
