# Project Zomboid Skinned Mesh
# File Version:
1.0
# Model Name:
Vehicle_Wheel.16R.001
# Vertex Stride Element Count:
3
# Vertex Stride Size (in bytes):
76
# Vertex Stride Data:
# (Int)    Offset
# (String) Type
0
VertexArray
12
NormalArray
24
TextureCoordArray
# Vertex Count:
682
# Vertex Buffer:
0.070872, 0.05110193, -0.15727593
0.43137914, 0.27878657, -0.85799736
0.57397282, 0.71421799
-0.07139901, 0.09720197, -0.13378692
-0.43137914, 0.53025907, -0.72985017
0.42131427, 0.27729398
0.070872, 0.09720197, -0.13378692
0.43137914, 0.53025907, -0.72985017
0.4213154, 0.71421799
0.070872, -0.1337869, -0.09720199
0.43137914, -0.72985017, -0.53025907
0.57397282, 0.71421799
-0.07139901, -0.09720198, -0.13378692
-0.43137914, -0.53025907, -0.72985017
0.42131427, 0.27729398
0.070872, -0.09720198, -0.13378692
0.43137914, -0.53025907, -0.72985017
0.4213154, 0.71421799
0.070872, -0.16536999, 0.0
0.43137914, -0.90215766, 0.0
0.57397294, 0.71421799
-0.07139901, -0.15727592, -0.05110193
-0.43137914, -0.85799736, -0.27878657
0.42131338, 0.27729398
0.070872, -0.15727592, -0.05110193
0.43137914, -0.85799736, -0.27878657
0.42131451, 0.71421799
0.070872, -0.05110193, -0.15727592
0.43137914, -0.27878657, -0.85799736
0.57397282, 0.71421799
-0.071399, 0.0, -0.16536999
-0.43137914, 0.0, -0.90215766
0.42131427, 0.27729398
0.070872, 0.0, -0.16536999
0.43137914, 0.0, -0.90215766
0.4213154, 0.71421799
0.070872, 0.09720198, 0.13378692
0.43137914, 0.53025907, 0.72985017
0.5739727, 0.71421799
-0.07139901, 0.05110193, 0.15727592
-0.43137914, 0.27875605, 0.85799736
0.4213154, 0.27729398
0.070872, 0.05110193, 0.15727592
0.43137914, 0.27875605, 0.85799736
0.42131427, 0.71421799
0.070872, 0.15727592, 0.05110193
0.43137914, 0.85799736, 0.27878657
0.57397282, 0.71421799
-0.071399, 0.13378692, 0.09720198
-0.43137914, 0.72985017, 0.53025907
0.42131433, 0.27729398
0.070872, 0.13378692, 0.09720198
0.43137914, 0.72985017, 0.53025907
0.42131433, 0.71421799
0.070872, 0.16536999, 0.0
0.43137914, 0.90215766, 0.0
0.57397282, 0.71421799
-0.07139901, 0.15727592, 0.05110193
-0.43137914, 0.85799736, 0.27878657
0.42131433, 0.27729398
0.070872, 0.15727592, 0.05110193
0.43137914, 0.85799736, 0.27878657
0.42131433, 0.71421799
0.070872, 0.05110193, 0.15727592
0.43137914, 0.27875605, 0.85799736
0.57397282, 0.71421799
-0.07139901, 0.0, 0.16536999
-0.43137914, 0.0, 0.90215766
0.42131433, 0.27729398
0.070872, 0.0, 0.16536999
0.43137914, 0.0, 0.90215766
0.42131433, 0.71421799
0.070872, -0.05110193, 0.1572759
0.43137914, -0.27878657, 0.85799736
0.57397282, 0.71421799
-0.07139901, -0.09720198, 0.13378692
-0.43137914, -0.53025907, 0.72985017
0.42131433, 0.27729398
0.070872, -0.09720198, 0.13378692
0.43137914, -0.53025907, 0.72985017
0.42131433, 0.71421799
0.070872, 0.13378692, 0.09720198
0.43137914, 0.72985017, 0.53025907
0.57397282, 0.71421799
-0.07139901, 0.09720198, 0.13378692
-0.43137914, 0.53025907, 0.72985017
0.42131433, 0.27729398
0.070872, 0.09720198, 0.13378692
0.43137914, 0.53025907, 0.72985017
0.42131433, 0.71421799
0.070872, -0.09720198, -0.13378692
0.43137914, -0.53025907, -0.72985017
0.57397377, 0.71421799
-0.07139901, -0.05110193, -0.15727592
-0.43137914, -0.27878657, -0.85799736
0.42131421, 0.27729398
0.070872, -0.05110193, -0.15727592
0.43137914, -0.27878657, -0.85799736
0.42131534, 0.71421799
0.070872, -0.09720198, 0.13378692
0.43137914, -0.53025907, 0.72985017
0.5739727, 0.71421799
-0.07139901, -0.13378692, 0.09720198
-0.43137914, -0.72985017, 0.53025907
0.4213154, 0.27729398
0.070872, -0.13378692, 0.09720198
0.43137914, -0.72985017, 0.53025907
0.42131427, 0.71421799
0.070872, -0.13378692, 0.09720198
0.43137914, -0.72985017, 0.53025907
0.57397282, 0.71421799
-0.071399, -0.15727592, 0.05110193
-0.43137914, -0.85799736, 0.27875605
0.42131433, 0.27729398
0.070872, -0.15727592, 0.05110193
0.43137914, -0.85799736, 0.27875605
0.42131433, 0.71421799
0.070872, -0.15727592, 0.05110193
0.43137914, -0.85799736, 0.27875605
0.57311594, 0.714205
-0.07139901, -0.16536999, 0.0
-0.43137914, -0.90215766, 0.0
0.42045745, 0.27727997
0.070872, -0.16536999, 0.0
0.43137914, -0.90215766, 0.0
0.42151919, 0.71421799
0.070872, 0.13378692, -0.09720198
0.43137914, 0.72985017, -0.53025907
0.57397354, 0.71421799
-0.07139901, 0.15727592, -0.05110193
-0.43137914, 0.85799736, -0.27878657
0.42131516, 0.27729398
0.070872, 0.15727592, -0.05110193
0.43137914, 0.85799736, -0.27878657
0.42131516, 0.71421799
0.070872, 0.0, -0.16536999
0.43137914, 0.0, -0.90215766
0.57397377, 0.71421799
-0.07139901, 0.05110193, -0.15727593
-0.43137914, 0.27878657, -0.85799736
0.42131421, 0.27729398
0.070872, 0.05110193, -0.15727593
0.43137914, 0.27878657, -0.85799736
0.42131534, 0.71421799
0.070872, 0.09720197, -0.13378692
0.43137914, 0.53025907, -0.72985017
0.57397366, 0.71421799
-0.07139901, 0.13378692, -0.09720198
-0.43137914, 0.72985017, -0.53025907
0.42131415, 0.27729398
0.070872, 0.13378692, -0.09720198
0.43137914, 0.72985017, -0.53025907
0.42131528, 0.71421799
0.070872, 0.0, 0.16536999
0.43137914, 0.0, 0.90215766
0.57397282, 0.71421799
-0.07139901, -0.05110193, 0.1572759
-0.43137914, -0.27878657, 0.85799736
0.42131427, 0.27729398
0.070872, -0.05110193, 0.1572759
0.43137914, -0.27878657, 0.85799736
0.42131427, 0.71421799
0.070872, 0.15727592, -0.05110193
0.43137914, 0.85799736, -0.27878657
0.57397354, 0.71421799
-0.071399, 0.16536999, 0.0
-0.43137914, 0.90215766, 0.0
0.42131516, 0.27729398
0.070872, 0.16536999, 0.0
0.43137914, 0.90215766, 0.0
0.42131516, 0.71421799
-0.07139901, -0.1337869, -0.09720199
-0.43137914, -0.72985017, -0.53025907
0.42131433, 0.27729398
0.070872, -0.15727592, -0.05110193
0.43137914, -0.85799736, -0.27878657
0.57397282, 0.71421799
-0.07139901, -0.15727592, -0.05110193
-0.43137914, -0.85799736, -0.27878657
0.57397282, 0.27729398
0.070872, -0.13378692, 0.09720198
0.43137914, -0.72985017, 0.53025907
0.77796429, 0.11741507
0.08058099, -0.08955055, 0.12325573
0.93942076, -0.20145269, 0.27729118
0.85246915, 0.24391598
0.070872, -0.09720198, 0.13378692
0.43137914, -0.53025907, 0.72985017
0.88258481, 0.22203559
0.08058099, -0.08955055, -0.12325576
0.93942076, -0.20145269, -0.27729118
0.14753065, 0.24391598
0.070872, -0.1337869, -0.09720199
0.43137914, -0.72985017, -0.53025907
0.22203541, 0.11741507
0.070872, -0.09720198, -0.13378692
0.43137914, -0.53025907, -0.72985017
0.11741507, 0.22203559
0.08058099, 0.12325574, -0.08955056
0.93942076, 0.27729118, -0.20145269
0.24391589, 0.85246924
0.070872, 0.09720197, -0.13378692
0.43137914, 0.53025907, -0.72985017
0.11741507, 0.77796447
0.070872, 0.13378692, -0.09720198
0.43137914, 0.72985017, -0.53025907
0.22203541, 0.88258481
0.070872, -0.15727592, 0.05110193
0.43137914, -0.85799736, 0.27875605
0.64613396, 0.05024463
0.08058099, -0.12325679, 0.08955055
0.93939024, -0.27729118, 0.20145269
0.75608391, 0.14752769
0.070872, -0.05110193, 0.1572759
0.43137914, -0.27878657, 0.85799736
0.94975519, 0.35386598
0.08058099, -0.06580873, -0.09057691
0.97613454, 0.12765892, 0.17563403
0.27332899, 0.183559
0.08058099, -0.12325574, -0.08955056
0.93942076, -0.27729118, -0.20145269
0.131047, 0.23096901
0.08058099, -0.08955055, -0.12325576
0.93942076, -0.20145269, -0.27729118
0.233208, 0.12880898
0.08058099, 0.06580873, -0.09057691
0.9760735, -0.127781, 0.17590868
0.736628, 0.183559
0.08058099, 0.12325574, -0.08955056
0.93942076, 0.27729118, -0.20145269
0.87822503, 0.23096901
0.08058103, 0.09057689, -0.06580875
0.97604299, -0.17590868, 0.12781152
0.82381701, 0.27074802
0.08058099, -0.08955055, 0.12325573
0.93942076, -0.20145269, 0.27729118
0.233208, 0.875986
0.08058099, -0.09057691, 0.06580873
0.97619557, 0.17542039, -0.12747581
0.18614, 0.734047
0.08058099, -0.06580873, 0.09057689
0.97619557, 0.12747581, -0.17545091
0.27332801, 0.821236
0.08058099, 0.12325574, 0.08955055
0.93942076, 0.27729118, 0.20145269
0.87822503, 0.773826
0.08058099, 0.06580873, 0.09057691
0.97610402, -0.1276284, -0.17566454
0.736628, 0.821236
0.08058099, 0.09057688, 0.06580873
0.97610402, -0.17572558, -0.12768945
0.82381701, 0.734047
0.08058099, -0.10648011, 0.03459789
0.97619557, 0.20624408, -0.06701864
0.130161, 0.624183
0.08058099, -0.12325679, 0.08955055
0.93939024, -0.27729118, 0.20145269
0.131047, 0.773825
0.08058099, -0.14489675, 0.04707948
0.93939024, -0.32599872, 0.10589923
0.065456, 0.645096
0.08058099, -0.03459789, 0.1064801
0.97616506, 0.06701864, -0.20630512
0.38319299, 0.877215
0.08058099, 0.03459788, 0.1064801
0.97613454, -0.06704917, -0.20645772
0.626764, 0.877215
0.08058099, 0.08955055, 0.12325678
0.93939024, 0.20145269, 0.27729118
0.77606398, 0.875986
0.08058099, 0.04707949, 0.14489675
0.93939024, 0.10589923, 0.32599872
0.64733398, 0.941577
0.070872, 0.09720198, 0.13378692
0.43137914, 0.53025907, 0.72985017
0.88258481, 0.77796447
0.08058099, 0.12325574, 0.08955055
0.93942076, 0.27729118, 0.20145269
0.75608391, 0.85246924
0.070872, 0.13378692, 0.09720198
0.43137914, 0.72985017, 0.53025907
0.77796429, 0.88258499
0.070872, 0.0, 0.16536999
0.43137914, 0.0, 0.90215766
0.97290146, 0.5
0.08058099, 0.04707949, 0.14489675
0.93939024, 0.10589923, 0.32599872
0.91435504, 0.63463128
0.070872, 0.05110193, 0.15727592
0.43137914, 0.27875605, 0.85799736
0.94975519, 0.64613414
0.08058099, -0.12325574, -0.08955056
0.93942076, -0.27729118, -0.20145269
0.24391589, 0.14753067
0.070872, -0.15727592, -0.05110193
0.43137914, -0.85799736, -0.27878657
0.35386577, 0.05024463
0.08058099, -0.04707949, 0.14489675
0.93939024, -0.10589923, 0.32599872
0.91435504, 0.36536872
0.08058099, -0.14489675, -0.0470795
0.93939024, -0.32599872, -0.10589923
0.36536863, 0.08564484
0.070872, -0.16536999, 0.0
0.43137914, -0.90215766, 0.0
0.49999991, 0.0270983
0.08058099, 0.08955055, -0.12325576
0.93942076, 0.20145269, -0.27729118
0.14753065, 0.75608402
0.070872, 0.05110193, -0.15727593
0.43137914, 0.27878657, -0.85799736
0.05024451, 0.64613414
0.070872, -0.05110193, -0.15727592
0.43137914, -0.27878657, -0.85799736
0.05024451, 0.35386598
0.08058099, 0.04707949, -0.14489678
0.93939024, 0.10589923, -0.32599872
0.08564472, 0.63463128
0.070872, 0.0, -0.16536999
0.43137914, 0.0, -0.90215766
0.02709836, 0.5
0.08058099, 0.14489675, 0.04707948
0.93939024, 0.32599872, 0.10589923
0.63463116, 0.91435516
0.070872, 0.16536999, 0.0
0.43137914, 0.90215766, 0.0
0.49999991, 0.9729017
0.070872, 0.15727592, 0.05110193
0.43137914, 0.85799736, 0.27878657
0.64613396, 0.94975537
0.070872, 0.15727592, -0.05110193
0.43137914, 0.85799736, -0.27878657
0.35386577, 0.94975537
0.08058099, 0.08955055, 0.12325678
0.93939024, 0.20145269, 0.27729118
0.85247219, 0.75608402
0.08058099, -0.14489675, 0.04707948
0.93939024, -0.32599872, 0.10589923
0.63463116, 0.08564484
0.08058099, 0.14489675, -0.0470795
0.93939024, 0.32599872, -0.10589923
0.36536863, 0.91435516
0.08058099, -0.04707949, -0.14489678
0.93939024, -0.10589923, -0.32599872
0.08564472, 0.36536872
0.08058099, -0.1119602, -1e-08
0.97616506, 0.21689504, 0.0
0.110872, 0.502397
0.08058099, -0.15235355, -1e-08
0.93939024, -0.34275338, 0.0
0.042855, 0.502397
0.08058103, 0.1119602, -1e-08
0.9760735, -0.21738334, 0.0
0.89908397, 0.50239801
0.08058099, 0.14489675, -0.0470795
0.93939024, 0.32599872, -0.10589923
0.94381601, 0.35969901
0.08058099, 0.15235355, -1e-08
0.93939024, 0.34275338, 0.0
0.96641701, 0.502397
0.08058099, 0.14489675, 0.04707948
0.93939024, 0.32599872, 0.10589923
0.94381601, 0.645096
0.08058099, -0.14489675, -0.0470795
0.93939024, -0.32599872, -0.10589923
0.065456, 0.35969901
0.08058099, -0.0, -0.11196022
0.9760735, 3.052e-05, 0.21729179
0.50497901, 0.10829097
0.08058099, -0.04707949, -0.14489678
0.93939024, -0.10589923, -0.32599872
0.361938, 0.06321698
0.08058099, -0.0, -0.15235355
0.93939024, 0.0, -0.34275338
0.50463599, 0.04061598
0.08058099, -0.03459789, -0.10648011
0.97610402, 0.06714072, 0.20657979
0.38319299, 0.12757999
0.08058099, -0.04707949, 0.14489675
0.93939024, -0.10589923, 0.32599872
0.361938, 0.941577
0.08058099, -0.0, 0.1119602
0.97616506, 0.0, -0.2169866
0.504978, 0.896504
0.08058099, -0.0, 0.15235355
0.93939024, 0.0, 0.34275338
0.50463599, 0.964179
0.08058099, 0.10648008, 0.03459788
0.9760735, -0.20667134, -0.06714072
0.87979501, 0.624183
0.08058099, 0.04707949, -0.14489678
0.93939024, 0.10589923, -0.32599872
0.64733398, 0.06321698
0.08058099, 0.03459788, -0.10648011
0.9760735, -0.06714072, 0.20673238
0.626764, 0.12757999
0.08058099, 0.08955055, -0.12325576
0.93942076, 0.20145269, -0.27729118
0.77606398, 0.12880898
0.08058099, -0.1064801, -0.0345979
0.97616506, 0.20633565, 0.06698813
0.130161, 0.38061202
0.08058099, -0.09057691, -0.06580875
0.97613454, 0.17560351, 0.12753685
0.18614, 0.27074701
0.08058099, 0.10648008, -0.0345979
0.9760735, -0.20679343, 0.06717124
0.87979501, 0.38061202
0.09690074, 0.021797, 0.06708156
0.92278814, 0.11896115, 0.36646625
0.5214988, 0.78607009
0.09258047, -9.6e-07, 0.07599753
0.43729973, -0.00015259, 0.89928889
0.53040409, 0.7949388
0.09690074, -1.28e-06, 0.07052919
0.92278814, -6.104e-05, 0.3852962
0.52916795, 0.7963203
0.04774305, 0.02676536, 0.08237252
0.83489484, -0.16995758, -0.52345347
0.85806811, 0.89379535
0.0582874, -1.26e-06, 0.09222973
0.61549729, 0.00012207, -0.78811002
0.84997249, 0.91108347
0.04774305, -1.25e-06, 0.08660706
0.83489484, 9.156e-05, -0.55037081
0.85533321, 0.91108318
0.06420279, 0.03044678, 0.09370276
0.50196844, -0.26712853, -0.82256538
0.85037869, 0.89129697
0.07504315, -1.26e-06, 0.1014358
0.64473403, 9.156e-05, -0.76436657
0.8445155, 0.91108338
0.06420279, -1.25e-06, 0.09852038
0.50196844, 0.00012207, -0.86486405
0.84724802, 0.91108324
0.0582874, 0.02850285, 0.08771995
0.61549729, -0.24341562, -0.74956512
0.85296983, 0.89213909
0.04774305, 0.02402614, 0.07394222
0.75676745, 0.20184942, 0.62169254
0.86844385, 0.89716556
0.04774305, -1.3e-06, 0.07774294
0.75676745, -0.00012207, 0.65364546
0.86624247, 0.91108219
0.09258047, 0.0234871, 0.07228214
0.43729973, 0.27771842, 0.85534227
0.53796571, 0.77733746
0.04774305, -1.3e-06, 0.07774294
0.75676745, -0.00012207, 0.65364546
0.53039742, 0.79427989
0.09258047, -9.6e-07, 0.07599753
0.43729973, -0.00015259, 0.89928889
0.54213029, 0.78292662
0.0582874, 0.05421827, 0.07462269
0.61549729, -0.46311837, -0.63768423
0.86167455, 0.87504809
0.04774305, 0.04570311, 0.06290267
0.75676745, 0.38407543, 0.52888578
0.87483793, 0.88461032
0.09258047, 0.04467747, 0.06149039
0.43729973, 0.52845854, 0.72765285
0.53573215, 0.77073491
0.04774305, 0.02402614, 0.07394222
0.75676745, 0.20184942, 0.62169254
0.52329874, 0.78450942
0.09690074, 0.04146302, 0.05706663
0.92278814, 0.22638631, 0.31174657
0.51737279, 0.77395162
0.09258047, 0.0234871, 0.07228214
0.43729973, 0.27771842, 0.85534227
0.52310145, 0.78513813
0.04774305, 0.05091337, 0.07007389
0.83489484, -0.32340464, -0.44532609
0.8660115, 0.87819881
0.06420279, 0.05791585, 0.07971197
0.50196844, -0.50822473, -0.69975889
0.85947043, 0.87344652
0.07504315, 0.03134767, 0.09647543
0.64467299, -0.23612171, -0.72704244
0.84777987, 0.89045268
0.09258047, 0.06149587, 0.04467867
0.43729973, 0.72743917, 0.52873319
0.53564817, 0.76376529
0.04774305, 0.04570311, 0.06290267
0.75676745, 0.38407543, 0.52888578
0.51956677, 0.77302349
0.09690074, 0.05707173, 0.04146472
0.92278814, 0.31165501, 0.2265389
0.5171935, 0.76115116
0.09258047, 0.04467747, 0.06149039
0.43729973, 0.52845854, 0.72765285
0.51918495, 0.77356048
0.04774305, 0.07007902, 0.05091505
0.83489484, -0.44520402, -0.32355723
0.87838566, 0.86582024
0.06420279, 0.07971709, 0.05791752
0.50196844, -0.6996063, -0.50843835
0.87363333, 0.8592793
0.07504315, 0.05962945, 0.08207054
0.64455092, -0.44929349, -0.61854917
0.85725969, 0.87184046
0.0582874, 0.07462782, 0.05421995
0.61549729, -0.63750112, -0.463332
0.8752346, 0.86148348
0.04774305, 0.06290773, 0.04570487
0.75676745, 0.52873319, 0.38428909
0.88479877, 0.87464547
0.04774305, 0.07395589, 0.02403227
0.75676745, 0.62160099, 0.20209357
0.52329874, 0.74946058
0.04774305, 0.06290773, 0.04570487
0.75676745, 0.52873319, 0.38428909
0.51956677, 0.7609465
0.09690074, 0.06709524, 0.02180308
0.92278814, 0.36640522, 0.11914426
0.52097845, 0.74892184
0.09258047, 0.06149587, 0.04467867
0.43729973, 0.72743917, 0.52873319
0.51903772, 0.76133922
0.04774305, 0.08238622, 0.0267714
0.83489484, -0.52339244, -0.1701712
0.89397943, 0.85787135
0.06420279, 0.09371646, 0.03045281
0.50196844, -0.82247382, -0.26737267
0.89148092, 0.85018197
0.07504315, 0.08207567, 0.05963113
0.64448988, -0.61848813, -0.44950712
0.87202704, 0.85706861
0.0582874, 0.08773366, 0.02850889
0.61549729, -0.74950409, -0.24365978
0.89232266, 0.8527731
0.04774305, 0.07395589, 0.02403227
0.75676745, 0.62160099, 0.20209357
0.8973515, 0.86824641
0.06420279, 0.09854358, 6.28e-06
0.50196844, -0.86486405, -0.00012207
0.91126615, 0.84704512
0.07504315, 0.09648914, 0.03135371
0.64442885, -0.72719502, -0.23636585
0.89063644, 0.84758312
0.0582874, 0.09225289, 6.29e-06
0.61549729, -0.78811002, -0.00012207
0.91126597, 0.84976953
0.04774305, 0.07776611, 6.34e-06
0.75676745, 0.65364546, 0.00012207
0.91126728, 0.86603954
0.09258047, 0.0760207, 5.99e-06
0.43729973, 0.89928889, 0.00015259
0.54175073, 0.75142294
0.09258047, 0.07229602, 0.02349258
0.43729973, 0.8552202, 0.27805415
0.53772205, 0.75711083
0.09690074, 0.07055239, 6.31e-06
0.92278814, 0.3852962, 6.104e-05
0.52835697, 0.73846066
0.09258047, 0.07229602, 0.02349258
0.43729973, 0.8552202, 0.27805415
0.52267438, 0.74967054
0.04774305, 0.08663026, 6.29e-06
0.83489484, -0.55037081, -9.156e-05
0.91126627, 0.85513026
0.04774305, 0.07396542, -0.02402111
0.75676745, 0.62169254, -0.20184942
0.92518389, 0.86824091
0.09258047, 0.07230532, -0.02348207
0.43729973, 0.85534227, -0.27771842
0.54733986, 0.74725837
0.04774305, 0.07776611, 6.34e-06
0.75676745, 0.65364546, 0.00012207
0.53039742, 0.73969012
0.09690074, 0.06710476, -0.02179197
0.92275763, 0.36646625, -0.11896115
0.53860736, 0.73079157
0.09258047, 0.0760207, 5.99e-06
0.43729973, 0.89928889, 0.00015259
0.52973878, 0.7396968
0.04774305, 0.08239572, -0.02676033
0.83489484, -0.52345347, 0.16995758
0.92855412, 0.85786526
0.06420279, 0.09372595, -0.03044175
0.50196844, -0.82256538, 0.26712853
0.93105245, 0.8501758
0.07504315, 0.10145895, 6.29e-06
0.64436781, -0.76470232, -9.156e-05
0.91126603, 0.84431252
0.0582874, 0.08774315, -0.02849781
0.61549729, -0.74956512, 0.24341562
0.93021041, 0.85276681
0.09258047, 0.06151359, -0.04467244
0.43729973, 0.72765285, -0.52845854
0.5539425, 0.7450248
0.04774305, 0.07396542, -0.02402111
0.75676745, 0.62169254, -0.20184942
0.54016799, 0.73259145
0.09690074, 0.05708983, -0.04145799
0.92278814, 0.31174657, -0.22638631
0.55072576, 0.7266655
0.09258047, 0.07230532, -0.02348207
0.43729973, 0.85534227, -0.27771842
0.53953928, 0.73239416
0.04774305, 0.07009708, -0.05090835
0.83489484, -0.44532609, 0.32340464
0.94415057, 0.86580859
0.06420279, 0.07973515, -0.05791082
0.50196844, -0.69975889, 0.50822473
0.9489029, 0.85926753
0.07504315, 0.09649864, -0.03134265
0.6443373, -0.72734761, 0.23618275
0.93189681, 0.8475769
0.0582874, 0.07464588, -0.05421324
0.61549729, -0.63768423, 0.46311837
0.94730139, 0.86147152
0.04774305, 0.06292586, -0.04569808
0.75676745, 0.52888578, -0.38407543
0.93773913, 0.87463498
0.09690074, 0.04148793, -0.05706671
0.92275763, 0.2265389, -0.31165501
0.56352627, 0.72648609
0.09258047, 0.06151359, -0.04467244
0.43729973, 0.72765285, -0.52845854
0.55111724, 0.72847754
0.04774305, 0.05093824, -0.07007399
0.83489484, -0.32355723, 0.44520402
0.9565292, 0.87818277
0.06420279, 0.05794071, -0.07971206
0.50196844, -0.50843835, 0.6996063
0.96307009, 0.8734304
0.07504315, 0.08209375, -0.05962443
0.64430678, -0.61876279, 0.44938505
0.95050901, 0.85705674
0.0582874, 0.05424315, -0.07462278
0.61549729, -0.463332, 0.63750112
0.96086597, 0.87503156
0.04774305, 0.04572807, -0.0629027
0.75676745, 0.38428909, -0.52873319
0.94770402, 0.88459588
0.09258047, 0.04470186, -0.06149084
0.43729973, 0.52873319, -0.72743917
0.56091207, 0.74494085
0.04774305, 0.06292586, -0.04569808
0.75676745, 0.52888578, -0.38407543
0.55165386, 0.72885948
0.06420279, 0.03047601, -0.09371143
0.50196844, -0.26737267, 0.82247382
0.97216749, 0.89127798
0.07504315, 0.05965433, -0.08207065
0.6443373, -0.44959867, 0.61857969
0.96528083, 0.87182409
0.0582874, 0.02853209, -0.08772862
0.61549729, -0.24365978, 0.74950409
0.96957636, 0.89211965
0.04774305, 0.02405547, -0.07395086
0.75676745, 0.20209357, -0.62160099
0.95410305, 0.89714857
0.09258047, 0.02351577, -0.07229099
0.43729973, 0.27805415, -0.8552202
0.56756651, 0.7470147
0.04774305, 0.04572807, -0.0629027
0.75676745, 0.38428909, -0.52873319
0.56373084, 0.72885948
0.09690074, 0.02182628, -0.06709023
0.92278814, 0.11914426, -0.36640522
0.5757553, 0.73027104
0.09258047, 0.04470186, -0.06149084
0.43729973, 0.52873319, -0.72743917
0.5633384, 0.72833031
0.04774305, 0.02679459, -0.08238119
0.83489484, -0.1701712, 0.52339244
0.96447802, 0.89377648
0.04774305, 2.953e-05, -0.07776108
0.75676745, 0.00012207, -0.65364546
0.95630985, 0.91106432
0.04774305, 2.953e-05, -0.07776108
0.75676745, 0.00012207, -0.65364546
0.58498728, 0.73969012
0.04774305, 0.02405547, -0.07395086
0.75676745, 0.20209357, -0.62160099
0.57521671, 0.73259145
0.09690074, 2.95e-05, -0.07054738
0.92275763, 6.104e-05, -0.3852962
0.58621669, 0.73764977
0.09258047, 0.02351577, -0.07229099
0.43729973, 0.27805415, -0.8552202
0.5750069, 0.73196685
0.04774305, 2.948e-05, -0.08662523
0.83489484, -9.156e-05, 0.55037081
0.96721917, 0.91106334
0.06420279, 2.948e-05, -0.09853856
0.50196844, -0.00012207, 0.86486405
0.97530425, 0.91106328
0.07504315, 0.03137691, -0.09648411
0.64436781, -0.23645741, 0.72719502
0.97476625, 0.89043344
0.0582874, 2.949e-05, -0.09224785
0.61549729, -0.00012207, 0.78811002
0.97257996, 0.91106305
0.09258047, -0.02345888, -0.07230029
0.43729973, -0.27771842, -0.85534227
0.57741898, 0.75663261
0.09258047, 2.919e-05, -0.07601567
0.43729973, 0.00015259, -0.89928889
0.57325441, 0.75104338
0.09690074, -0.02176878, -0.06709974
0.92275763, -0.11896115, -0.36646625
0.59388578, 0.74790007
0.09258047, 2.919e-05, -0.07601567
0.43729973, 0.00015259, -0.89928889
0.58498073, 0.73903117
0.04774305, -0.02673713, -0.08239069
0.83489484, 0.16995758, 0.52345347
0.96448416, 0.92835116
0.06420279, -0.03041855, -0.09372093
0.50196844, 0.26712853, 0.82256538
0.97217357, 0.93084952
0.07504315, 2.948e-05, -0.10145392
0.64442885, -0.00015259, 0.76461071
0.97803688, 0.91106314
0.0582874, -0.02847461, -0.08773811
0.61549729, 0.24341562, 0.74956512
0.96958268, 0.93000741
0.04774305, -0.02399791, -0.07396039
0.75676745, -0.20184942, -0.62169254
0.95410854, 0.92498095
0.04774305, -0.05088515, -0.07009205
0.83489484, 0.32340464, 0.44532609
0.95654088, 0.9439477
0.06420279, -0.05788763, -0.07973012
0.50196844, 0.50822473, 0.69975889
0.9630819, 0.94869998
0.07504315, -0.03131945, -0.09649361
0.6445204, 0.2360912, 0.72719502
0.97477257, 0.93169384
0.0582874, -0.05419004, -0.07464085
0.61549729, 0.46311837, 0.63768423
0.96087795, 0.94709841
0.04774305, -0.04567489, -0.06292083
0.75676745, -0.38407543, -0.52888578
0.94771445, 0.93753618
0.09258047, -0.04464924, -0.06150856
0.43729973, -0.52845854, -0.72765285
0.57965261, 0.76323517
0.04774305, -0.02399791, -0.07396039
0.75676745, -0.20184942, -0.62169254
0.59208596, 0.74946064
0.09690074, -0.04143481, -0.05708481
0.92275763, -0.22638631, -0.31174657
0.59801185, 0.7600185
0.09258047, -0.02345888, -0.07230029
0.43729973, -0.27771842, -0.85534227
0.59228337, 0.74883196
0.0582874, -0.07459958, -0.05423811
0.61549729, 0.63750112, 0.463332
0.9473179, 0.96066298
0.04774305, -0.06287951, -0.04572303
0.75676745, -0.52873319, -0.38428909
0.93775356, 0.94750103
0.09258047, -0.06146764, -0.04469682
0.43729973, -0.72743917, -0.52873319
0.57973659, 0.77020475
0.04774305, -0.04567489, -0.06292083
0.75676745, -0.38407543, -0.52888578
0.59581792, 0.76094653
0.09690074, -0.05704352, -0.0414829
0.92275763, -0.31165501, -0.2265389
0.59819144, 0.77281895
0.09258047, -0.04464924, -0.06150856
0.43729973, -0.52845854, -0.72765285
0.59619993, 0.76040959
0.04774305, -0.0700508, -0.05093322
0.83489484, 0.44520402, 0.32355723
0.94416666, 0.95632625
0.06420279, -0.07968887, -0.05793568
0.50196844, 0.6996063, 0.50843835
0.94891906, 0.96286723
0.07504315, -0.05960124, -0.08208872
0.64461195, 0.44920194, 0.61857969
0.96529269, 0.95030605
0.09258047, -0.0722678, -0.02351074
0.43729973, -0.8552202, -0.27805415
0.57766271, 0.77685919
0.04774305, -0.06287951, -0.04572303
0.75676745, -0.52873319, -0.38428909
0.59581792, 0.77302355
0.09690074, -0.06706704, -0.02182125
0.92275763, -0.36640522, -0.11914426
0.59440649, 0.78504822
0.09258047, -0.06146764, -0.04469682
0.43729973, -0.72743917, -0.52873319
0.59634733, 0.77263086
0.04774305, -0.082358, -0.02678957
0.83489484, 0.52339244, 0.1701712
0.92857289, 0.96427514
0.06420279, -0.09368823, -0.03047098
0.50196844, 0.82247382, 0.26737267
0.93107146, 0.97196454
0.07504315, -0.08204746, -0.0596493
0.64467299, 0.61833555, 0.44944608
0.95052534, 0.96507787
0.0582874, -0.08770543, -0.02852706
0.61549729, 0.74950409, 0.24365978
0.93022978, 0.9693734
0.04774305, -0.07392768, -0.02405043
0.75676745, -0.62160099, -0.20209357
0.92520082, 0.95390011
0.09258047, -0.07599249, -2.415e-05
0.43729973, -0.89928889, -0.00015259
0.57363397, 0.7825471
0.04774305, -0.07392768, -0.02405043
0.75676745, -0.62160099, -0.20209357
0.59208596, 0.78450945
0.09690074, -0.07052419, -2.447e-05
0.92278814, -0.3852962, -6.104e-05
0.58702767, 0.7955095
0.09258047, -0.0722678, -0.02351074
0.43729973, -0.8552202, -0.27805415
0.59271067, 0.78429954
0.04774305, -0.08660205, -2.446e-05
0.83489484, 0.55037081, 9.156e-05
0.91128612, 0.96701626
0.06420279, -0.09851537, -2.445e-05
0.50196844, 0.86486405, 0.00012207
0.91128618, 0.97510137
0.07504315, -0.09646092, -0.03137188
0.64476454, 0.72688985, 0.23636585
0.931916, 0.97456339
0.0582874, -0.09222467, -2.446e-05
0.61549729, 0.78811002, 0.00012207
0.91128647, 0.97237696
0.04774305, -0.0777379, -2.45e-05
0.75676745, -0.65364546, -0.00012207
0.9112851, 0.95610697
0.06420279, -0.09369775, 0.03042359
0.50196844, 0.82256538, -0.26712853
0.89149994, 0.9719707
0.07504315, -0.10143074, -2.445e-05
0.64482558, 0.76430553, 0.00015259
0.91128629, 0.97783399
0.0582874, -0.08771495, 0.02847965
0.61549729, 0.74956512, -0.24341562
0.89234197, 0.96937973
0.04774305, -0.07393721, 0.02400295
0.75676745, -0.62169254, 0.20184942
0.89736849, 0.95390564
0.09258047, -0.07227712, 0.02346392
0.43729973, -0.85534227, 0.27771842
0.56804484, 0.78671166
0.04774305, -0.0777379, -2.45e-05
0.75676745, -0.65364546, -0.00012207
0.58498728, 0.79427993
0.09690074, -0.06707656, 0.02177382
0.92275763, -0.36646625, 0.11896115
0.5767774, 0.80317855
0.09258047, -0.07599249, -2.415e-05
0.43729973, -0.89928889, -0.00015259
0.58564633, 0.79427333
0.04774305, -0.08236751, 0.02674217
0.83489484, 0.52345347, -0.16995758
0.89399827, 0.96428129
0.04774305, -0.06289765, 0.04567993
0.75676745, -0.52888578, 0.38407543
0.88481325, 0.94751155
0.09258047, -0.06148538, 0.04465429
0.43729973, -0.72765285, 0.52845854
0.5614422, 0.78894524
0.04774305, -0.07393721, 0.02400295
0.75676745, -0.62169254, 0.20184942
0.57521671, 0.80137861
0.09690074, -0.05706162, 0.04143984
0.92278814, -0.31174657, 0.22638631
0.56465888, 0.80730462
0.09258047, -0.07227712, 0.02346392
0.43729973, -0.85534227, 0.27771842
0.57584572, 0.80157593
0.04774305, -0.07006888, 0.05089019
0.83489484, 0.44532609, -0.32340464
0.87840176, 0.95633793
0.06420279, -0.07970695, 0.05789266
0.50196844, 0.69975889, -0.50822473
0.87364948, 0.96287898
0.07504315, -0.09647043, 0.03132448
0.6448561, 0.72692037, -0.23603015
0.89065552, 0.9745696
0.0582874, -0.07461768, 0.05419508
0.61549729, 0.63768423, -0.46311837
0.87525105, 0.96067502
0.09258047, -0.04467364, 0.0614727
0.43729973, -0.52873319, 0.72743917
0.55447268, 0.78902924
0.04774305, -0.06289765, 0.04567993
0.75676745, -0.52888578, 0.38407543
0.56373084, 0.8051106
0.09690074, -0.04145972, 0.05704856
0.92275763, -0.2265389, 0.31165501
0.55185843, 0.80748405
0.09258047, -0.06148538, 0.04465429
0.43729973, -0.72765285, 0.52845854
0.56426805, 0.80549257
0.04774305, -0.05091003, 0.07005584
0.83489484, 0.32355723, -0.44520402
0.86602318, 0.94396378
0.06420279, -0.05791251, 0.07969392
0.50196844, 0.50843835, -0.6996063
0.85948217, 0.94871614
0.07504315, -0.08206555, 0.05960627
0.6448561, 0.61839658, -0.44911039
0.87204331, 0.96508976
0.0582874, -0.05421493, 0.07460464
0.61549729, 0.463332, -0.63750112
0.86168647, 0.94711494
0.04774305, -0.04569985, 0.06288456
0.75676745, -0.38428909, 0.52873319
0.87484837, 0.93755062
0.09690074, -0.02179806, 0.06707208
0.92278814, -0.11914426, 0.36640522
0.53962916, 0.80369914
0.09258047, -0.04467364, 0.0614727
0.43729973, -0.52873319, 0.72743917
0.55204684, 0.80563986
0.04774305, -0.02676638, 0.08236305
0.83489484, 0.1701712, -0.52339244
0.85807431, 0.92837004
0.06420279, -0.0304478, 0.09369329
0.50196844, 0.26737267, -0.82247382
0.85038483, 0.93086854
0.07504315, -0.05962612, 0.0820525
0.64482558, 0.44932401, -0.61824399
0.85727155, 0.95032244
0.0582874, -0.02850387, 0.08771048
0.61549729, 0.24365978, -0.74950409
0.85297614, 0.93002687
0.04774305, -0.02402725, 0.07393272
0.75676745, -0.20209357, 0.62160099
0.86844933, 0.92499793
0.09258047, -0.02348755, 0.07227284
0.43729973, -0.27805415, 0.8552202
0.54781818, 0.78695534
0.04774305, -0.04569985, 0.06288456
0.75676745, -0.38428909, 0.52873319
0.55165386, 0.8051106
0.07504315, -0.03134871, 0.09646598
0.64479506, 0.2362743, -0.72688985
0.84778613, 0.9317131
0.04774305, -0.02402725, 0.07393272
0.75676745, -0.20209357, 0.62160099
0.54016799, 0.80137858
0.09258047, -0.02348755, 0.07227284
0.43729973, -0.27805415, 0.8552202
0.54037774, 0.80200322
0.08058099, 0.10648008, 0.03459788
0.9760735, -0.20667134, -0.06714072
0.89002538, 0.84569536
0.08058103, 0.1119602, -1e-08
0.9760735, -0.21738334, 0.0
0.91127092, 0.84233019
0.08058099, 0.10648008, -0.0345979
0.9760735, -0.20679343, 0.06717124
0.9325164, 0.84569536
0.08058103, 0.09057689, -0.06580875
0.97604299, -0.17590868, 0.12781152
0.95168197, 0.855461
0.08058099, 0.06580873, -0.09057691
0.9760735, -0.127781, 0.17590868
0.96689135, 0.87067035
0.08058099, 0.03459788, -0.10648011
0.9760735, -0.06714072, 0.20673238
0.97665697, 0.88983596
0.08058099, -0.0, -0.11196022
0.9760735, 3.052e-05, 0.21729179
0.98002219, 0.91108143
0.08058099, -0.03459789, -0.10648011
0.97610402, 0.06714072, 0.20657979
0.97665697, 0.93232689
0.08058099, -0.06580873, -0.09057691
0.97613454, 0.12765892, 0.17563403
0.96689135, 0.9514925
0.08058099, -0.09057691, -0.06580875
0.97613454, 0.17560351, 0.12753685
0.95168197, 0.96670184
0.08058099, -0.1064801, -0.0345979
0.97616506, 0.20633565, 0.06698813
0.9325164, 0.97646751
0.08058099, -0.1119602, -1e-08
0.97616506, 0.21689504, 0.0
0.91127092, 0.97983266
0.08058099, -0.10648011, 0.03459789
0.97619557, 0.20624408, -0.06701864
0.89002538, 0.97646751
0.08058099, -0.09057691, 0.06580873
0.97619557, 0.17542039, -0.12747581
0.87085986, 0.96670184
0.08058099, -0.06580873, 0.09057689
0.97619557, 0.12747581, -0.17545091
0.85565048, 0.9514925
0.08058099, -0.03459789, 0.1064801
0.97616506, 0.06701864, -0.20630512
0.84588492, 0.93232689
0.08058099, -0.0, 0.1119602
0.97616506, 0.0, -0.2169866
0.84251964, 0.91108143
0.08058099, 0.03459788, 0.1064801
0.97613454, -0.06704917, -0.20645772
0.84588492, 0.88983596
0.08058099, 0.06580873, 0.09057691
0.97610402, -0.1276284, -0.17566454
0.85565048, 0.87067035
0.08058099, 0.09057688, 0.06580873
0.97610402, -0.17572558, -0.12768945
0.87085986, 0.85546103
-0.07139901, -0.13378692, 0.09720198
-0.43137914, -0.72985017, 0.53025907
0.77796429, 0.11741507
-0.08110799, -0.08955055, 0.12325573
-0.93942076, -0.20145269, 0.27729118
0.85246915, 0.24391598
-0.08110799, -0.12325679, 0.08955055
-0.93939024, -0.27729118, 0.20145269
0.75608391, 0.14752769
-0.07139901, -0.09720198, -0.13378692
-0.43137914, -0.53025907, -0.72985017
0.11741507, 0.22203559
-0.08110799, -0.12325574, -0.08955056
-0.93942076, -0.27729118, -0.20145269
0.24391589, 0.14753067
-0.08110799, -0.08955055, -0.12325576
-0.93942076, -0.20145269, -0.27729118
0.14753065, 0.24391598
-0.08110799, 0.12325574, -0.08955056
-0.93942076, 0.27729118, -0.20145269
0.24391589, 0.85246924
-0.07139901, 0.09720197, -0.13378692
-0.43137914, 0.53025907, -0.72985017
0.11741507, 0.77796447
-0.08110799, 0.08955055, -0.12325576
-0.93942076, 0.20145269, -0.27729118
0.14753065, 0.75608402
-0.071399, -0.15727592, 0.05110193
-0.43137914, -0.85799736, 0.27875605
0.64613396, 0.05024463
-0.08110799, -0.14489675, 0.04707948
-0.93939024, -0.32599872, 0.10589923
0.63463116, 0.08564484
-0.07139901, -0.05110193, 0.1572759
-0.43137914, -0.27878657, 0.85799736
0.94975519, 0.35386598
-0.08110799, -0.04707949, 0.14489675
-0.93939024, -0.10589923, 0.32599872
0.91435504, 0.36536872
-0.08110799, -0.12325574, -0.08955056
-0.93942076, -0.27729118, -0.20145269
0.131047, 0.23096901
-0.08110799, -0.06580873, -0.09057691
-0.97613454, 0.12765892, 0.17563403
0.27332899, 0.183559
-0.08110799, -0.08955055, -0.12325576
-0.93942076, -0.20145269, -0.27729118
0.233208, 0.12880898
-0.08110804, 0.09057689, -0.06580875
-0.97604299, -0.17590868, 0.12781152
0.82381701, 0.27074802
-0.08110799, 0.08955055, -0.12325576
-0.93942076, 0.20145269, -0.27729118
0.77606398, 0.12880898
-0.08110799, 0.06580873, -0.09057691
-0.9760735, -0.127781, 0.17590868
0.736628, 0.183559
-0.08110799, -0.08955055, 0.12325573
-0.93942076, -0.20145269, 0.27729118
0.233208, 0.875986
-0.08110799, -0.09057691, 0.06580873
-0.97619557, 0.17542039, -0.12747581
0.18614, 0.734047
-0.08110799, -0.12325679, 0.08955055
-0.93939024, -0.27729118, 0.20145269
0.131047, 0.773825
-0.08110799, 0.06580873, 0.09057691
-0.97613454, -0.1276284, -0.17566454
0.736628, 0.821236
-0.08110799, 0.12325574, 0.08955055
-0.93942076, 0.27729118, 0.20145269
0.87822503, 0.773826
-0.08110799, 0.09057688, 0.06580873
-0.97610402, -0.17572558, -0.12768945
0.82381701, 0.734047
-0.08110799, -0.10648011, 0.03459789
-0.97619557, 0.20624408, -0.06701864
0.130161, 0.624183
-0.08110799, -0.03459789, 0.1064801
-0.97616506, 0.06701864, -0.20630512
0.38319299, 0.877215
-0.08110799, -0.04707949, 0.14489675
-0.93939024, -0.10589923, 0.32599872
0.361938, 0.941577
-0.08110799, 0.03459788, 0.1064801
-0.97613454, -0.06704917, -0.20645772
0.626764, 0.877215
-0.08110799, 0.08955055, 0.12325678
-0.93939024, 0.20145269, 0.27729118
0.77606398, 0.875986
-0.07139901, 0.09720198, 0.13378692
-0.43137914, 0.53025907, 0.72985017
0.88258481, 0.77796447
-0.08110799, 0.12325574, 0.08955055
-0.93942076, 0.27729118, 0.20145269
0.75608391, 0.85246924
-0.08110799, 0.08955055, 0.12325678
-0.93939024, 0.20145269, 0.27729118
0.85247219, 0.75608402
-0.07139901, 0.0, 0.16536999
-0.43137914, 0.0, 0.90215766
0.97290146, 0.5
-0.08110799, 0.04707949, 0.14489675
-0.93939024, 0.10589923, 0.32599872
0.91435504, 0.63463128
-0.08110799, -0.0, 0.15235355
-0.93939024, 0.0, 0.34275338
0.93567908, 0.5
-0.07139901, -0.15727592, -0.05110193
-0.43137914, -0.85799736, -0.27878657
0.35386577, 0.05024463
-0.08110799, -0.14489675, -0.0470795
-0.93939024, -0.32599872, -0.10589923
0.36536863, 0.08564484
-0.07139901, -0.16536999, 0.0
-0.43137914, -0.90215766, 0.0
0.49999991, 0.0270983
-0.08110799, -0.15235355, -1e-08
-0.93939024, -0.34275338, 0.0
0.49999991, 0.06432092
-0.07139901, 0.05110193, -0.15727593
-0.43137914, 0.27878657, -0.85799736
0.05024451, 0.64613414
-0.08110799, 0.04707949, -0.14489678
-0.93939024, 0.10589923, -0.32599872
0.08564472, 0.63463128
-0.07139901, -0.05110193, -0.15727592
-0.43137914, -0.27878657, -0.85799736
0.05024451, 0.35386598
-0.08110799, -0.04707949, -0.14489678
-0.93939024, -0.10589923, -0.32599872
0.08564472, 0.36536872
-0.071399, 0.0, -0.16536999
-0.43137914, 0.0, -0.90215766
0.02709836, 0.5
-0.08110799, -0.0, -0.15235355
-0.93939024, 0.0, -0.34275338
0.06432086, 0.5
-0.08110799, 0.14489675, 0.04707948
-0.93939024, 0.32599872, 0.10589923
0.63463116, 0.91435516
-0.071399, 0.16536999, 0.0
-0.43137914, 0.90215766, 0.0
0.49999991, 0.9729017
-0.08110799, 0.15235355, -1e-08
-0.93939024, 0.34275338, 0.0
0.49999991, 0.93567908
-0.07139901, 0.15727592, -0.05110193
-0.43137914, 0.85799736, -0.27878657
0.35386577, 0.94975537
-0.08110799, 0.14489675, -0.0470795
-0.93939024, 0.32599872, -0.10589923
0.36536863, 0.91435516
-0.07139901, 0.15727592, 0.05110193
-0.43137914, 0.85799736, 0.27878657
0.64613396, 0.94975537
-0.07139901, 0.05110193, 0.15727592
-0.43137914, 0.27875605, 0.85799736
0.94975519, 0.64613414
-0.08110799, -0.1119602, -1e-08
-0.97616506, 0.21689504, 0.0
0.110872, 0.502397
-0.08110799, -0.14489675, 0.04707948
-0.93939024, -0.32599872, 0.10589923
0.065456, 0.645096
-0.08110804, 0.1119602, -1e-08
-0.9760735, -0.21738334, 0.0
0.89908397, 0.50239801
-0.08110799, 0.14489675, -0.0470795
-0.93939024, 0.32599872, -0.10589923
0.94381601, 0.35969901
-0.08110799, 0.10648008, -0.0345979
-0.9760735, -0.20679343, 0.06717124
0.87979501, 0.38061202
-0.08110799, 0.14489675, 0.04707948
-0.93939024, 0.32599872, 0.10589923
0.94381601, 0.645096
-0.08110799, 0.10648008, 0.03459788
-0.9760735, -0.20667134, -0.06714072
0.87979501, 0.624183
-0.08110799, -0.14489675, -0.0470795
-0.93939024, -0.32599872, -0.10589923
0.065456, 0.35969901
-0.08110799, -0.1064801, -0.0345979
-0.97616506, 0.20633565, 0.06698813
0.130161, 0.38061202
-0.08110799, -0.0, -0.11196022
-0.9760735, 3.052e-05, 0.21729179
0.50497901, 0.10829097
-0.08110799, -0.04707949, -0.14489678
-0.93939024, -0.10589923, -0.32599872
0.361938, 0.06321698
-0.08110799, -0.03459789, -0.10648011
-0.97610402, 0.06714072, 0.20657979
0.38319299, 0.12757999
-0.08110799, -0.0, 0.1119602
-0.97616506, 0.0, -0.2169866
0.504978, 0.896504
-0.08110799, 0.04707949, 0.14489675
-0.93939024, 0.10589923, 0.32599872
0.64733398, 0.941577
-0.08110799, -0.0, 0.15235355
-0.93939024, 0.0, 0.34275338
0.50463599, 0.964179
-0.08110799, 0.04707949, -0.14489678
-0.93939024, 0.10589923, -0.32599872
0.64733398, 0.06321698
-0.08110799, 0.03459788, -0.10648011
-0.9760735, -0.06714072, 0.20673238
0.626764, 0.12757999
-0.08110799, 0.12325574, -0.08955056
-0.93942076, 0.27729118, -0.20145269
0.87822503, 0.23096901
-0.0588144, -1.26e-06, 0.09222973
-0.61549729, 0.00012207, -0.78811002
0.84997249, 0.91108347
-0.04827005, 0.02676536, 0.08237252
-0.83489484, -0.16995758, -0.52345347
0.85806811, 0.89379535
-0.04827005, -1.25e-06, 0.08660706
-0.83489484, 9.156e-05, -0.55037081
0.85533321, 0.91108318
-0.07557016, -1.26e-06, 0.1014358
-0.64473403, 9.156e-05, -0.76436657
0.8445155, 0.91108338
-0.06472978, 0.03044678, 0.09370276
-0.50196844, -0.26712853, -0.82256538
0.85037869, 0.89129697
-0.06472978, -1.25e-06, 0.09852038
-0.50196844, 0.00012207, -0.86486405
0.84724802, 0.91108324
-0.0588144, 0.02850285, 0.08771995
-0.61549729, -0.24341562, -0.74956512
0.85296983, 0.89213909
-0.04827006, 0.02402614, 0.07394222
-0.75676745, 0.20184942, 0.62169254
0.86844385, 0.89716556
-0.04827006, -1.3e-06, 0.07774294
-0.75676745, -0.00012207, 0.65364546
0.86624247, 0.91108219
-0.0588144, 0.05421827, 0.07462269
-0.61549729, -0.46311837, -0.63768423
0.86167455, 0.87504809
-0.04827006, 0.04570311, 0.06290267
-0.75676745, 0.38407543, 0.52888578
0.87483793, 0.88461032
-0.04827005, 0.05091337, 0.07007389
-0.83489484, -0.32340464, -0.44532609
0.8660115, 0.87819881
-0.07557016, 0.03134767, 0.09647543
-0.64467299, -0.23612171, -0.72704244
0.84777987, 0.89045268
-0.06472978, 0.05791585, 0.07971197
-0.50196844, -0.50822473, -0.69975889
0.85947043, 0.87344652
-0.04827005, 0.07007902, 0.05091505
-0.83489484, -0.44520402, -0.32355723
0.87838566, 0.86582024
-0.07557016, 0.05962945, 0.08207054
-0.64455092, -0.44929349, -0.61854917
0.85725969, 0.87184046
-0.06472978, 0.07971709, 0.05791752
-0.50196844, -0.6996063, -0.50843835
0.87363333, 0.8592793
-0.0588144, 0.07462782, 0.05421995
-0.61549729, -0.63750112, -0.463332
0.8752346, 0.86148348
-0.04827005, 0.06290773, 0.04570487
-0.75676745, 0.52873319, 0.38428909
0.88479877, 0.87464547
-0.04827005, 0.08238622, 0.0267714
-0.83489484, -0.52339244, -0.1701712
0.89397943, 0.85787135
-0.07557016, 0.08207567, 0.05963113
-0.64448988, -0.61848813, -0.44950712
0.87202704, 0.85706861
-0.06472978, 0.09371646, 0.03045281
-0.50196844, -0.82247382, -0.26737267
0.89148092, 0.85018197
-0.0588144, 0.08773366, 0.02850889
-0.61549729, -0.74950409, -0.24365978
0.89232266, 0.8527731
-0.04827006, 0.07395589, 0.02403227
-0.75676745, 0.62160099, 0.20209357
0.8973515, 0.86824641
-0.07557016, 0.09648914, 0.03135371
-0.64442885, -0.72719502, -0.23636585
0.89063644, 0.84758312
-0.06472978, 0.09854358, 6.28e-06
-0.50196844, -0.86486405, -0.00012207
0.91126615, 0.84704512
-0.0588144, 0.09225289, 6.29e-06
-0.61549729, -0.78811002, -0.00012207
0.91126597, 0.84976953
-0.04827006, 0.07776611, 6.34e-06
-0.75676745, 0.65364546, 0.00012207
0.91126728, 0.86603954
-0.04827005, 0.08663026, 6.29e-06
-0.83489484, -0.55037081, -9.156e-05
0.91126627, 0.85513026
-0.04827006, 0.07396542, -0.02402111
-0.75676745, 0.62169254, -0.20184942
0.92518389, 0.86824091
-0.04827005, 0.08239572, -0.02676033
-0.83489484, -0.52345347, 0.16995758
0.92855412, 0.85786526
-0.07557016, 0.10145895, 6.29e-06
-0.64436781, -0.76470232, -9.156e-05
0.91126603, 0.84431252
-0.06472978, 0.09372595, -0.03044175
-0.50196844, -0.82256538, 0.26712853
0.93105245, 0.8501758
-0.0588144, 0.08774315, -0.02849781
-0.61549729, -0.74956512, 0.24341562
0.93021041, 0.85276681
-0.04827005, 0.07009708, -0.05090835
-0.83489484, -0.44532609, 0.32340464
0.94415057, 0.86580859
-0.07557016, 0.09649864, -0.03134265
-0.6443373, -0.72734761, 0.23618275
0.93189681, 0.8475769
-0.06472978, 0.07973515, -0.05791082
-0.50196844, -0.69975889, 0.50822473
0.9489029, 0.85926753
-0.0588144, 0.07464588, -0.05421324
-0.61549729, -0.63768423, 0.46311837
0.94730139, 0.86147152
-0.04827006, 0.06292586, -0.04569808
-0.75676745, 0.52888578, -0.38407543
0.93773913, 0.87463498
-0.04827005, 0.05093824, -0.07007399
-0.83489484, -0.32355723, 0.44520402
0.9565292, 0.87818277
-0.07557016, 0.08209375, -0.05962443
-0.64430678, -0.61876279, 0.44938505
0.95050901, 0.85705674
-0.06472978, 0.05794071, -0.07971206
-0.50196844, -0.50843835, 0.6996063
0.96307009, 0.8734304
-0.0588144, 0.05424315, -0.07462278
-0.61549729, -0.463332, 0.63750112
0.96086597, 0.87503156
-0.04827006, 0.04572807, -0.0629027
-0.75676745, 0.38428909, -0.52873319
0.94770402, 0.88459588
-0.07557016, 0.05965433, -0.08207065
-0.6443373, -0.44959867, 0.61857969
0.96528083, 0.87182409
-0.06472978, 0.03047601, -0.09371143
-0.50196844, -0.26737267, 0.82247382
0.97216749, 0.89127798
-0.0588144, 0.02853209, -0.08772862
-0.61549729, -0.24365978, 0.74950409
0.96957636, 0.89211965
-0.04827005, 0.02405547, -0.07395086
-0.75676745, 0.20209357, -0.62160099
0.95410305, 0.89714857
-0.04827005, 0.02679459, -0.08238119
-0.83489484, -0.1701712, 0.52339244
0.96447802, 0.89377648
-0.04827006, 2.953e-05, -0.07776108
-0.75676745, 0.00012207, -0.65364546
0.95630985, 0.91106432
-0.04827005, 2.948e-05, -0.08662523
-0.83489484, -9.156e-05, 0.55037081
0.96721917, 0.91106334
-0.07557016, 0.03137691, -0.09648411
-0.64436781, -0.23645741, 0.72719502
0.97476625, 0.89043344
-0.06472978, 2.948e-05, -0.09853856
-0.50196844, -0.00012207, 0.86486405
0.97530425, 0.91106328
-0.0588144, 2.949e-05, -0.09224785
-0.61549729, -0.00012207, 0.78811002
0.97257996, 0.91106305
-0.04827005, -0.02673713, -0.08239069
-0.83489484, 0.16995758, 0.52345347
0.96448416, 0.92835116
-0.07557016, 2.948e-05, -0.10145392
-0.64445937, -0.00015259, 0.76461071
0.97803688, 0.91106314
-0.06472978, -0.03041855, -0.09372093
-0.50196844, 0.26712853, 0.82256538
0.97217357, 0.93084952
-0.0588144, -0.02847461, -0.08773811
-0.61549729, 0.24341562, 0.74956512
0.96958268, 0.93000741
-0.04827006, -0.02399791, -0.07396039
-0.75676745, -0.20184942, -0.62169254
0.95410854, 0.92498095
-0.04827005, -0.05088515, -0.07009205
-0.83489484, 0.32340464, 0.44532609
0.95654088, 0.9439477
-0.07557016, -0.03131945, -0.09649361
-0.6445204, 0.2360912, 0.72719502
0.97477257, 0.93169384
-0.06472978, -0.05788763, -0.07973012
-0.50196844, 0.50822473, 0.69975889
0.9630819, 0.94869998
-0.0588144, -0.05419004, -0.07464085
-0.61549729, 0.46311837, 0.63768423
0.96087795, 0.94709841
-0.04827006, -0.04567489, -0.06292083
-0.75676745, -0.38407543, -0.52888578
0.94771445, 0.93753618
-0.0588144, -0.07459958, -0.05423811
-0.61549729, 0.63750112, 0.463332
0.9473179, 0.96066298
-0.04827006, -0.06287951, -0.04572303
-0.75676745, -0.52873319, -0.38428909
0.93775356, 0.94750103
-0.04827005, -0.0700508, -0.05093322
-0.83489484, 0.44520402, 0.32355723
0.94416666, 0.95632625
-0.07557016, -0.05960124, -0.08208872
-0.64461195, 0.44920194, 0.61857969
0.96529269, 0.95030605
-0.06472978, -0.07968887, -0.05793568
-0.50196844, 0.6996063, 0.50843835
0.94891906, 0.96286723
-0.04827005, -0.082358, -0.02678957
-0.83489484, 0.52339244, 0.1701712
0.92857289, 0.96427514
-0.07557016, -0.08204746, -0.0596493
-0.64467299, 0.61833555, 0.44944608
0.95052534, 0.96507787
-0.06472978, -0.09368823, -0.03047098
-0.50196844, 0.82247382, 0.26737267
0.93107146, 0.97196454
-0.0588144, -0.08770543, -0.02852706
-0.61549729, 0.74950409, 0.24365978
0.93022978, 0.9693734
-0.04827006, -0.07392768, -0.02405043
-0.75676745, -0.62160099, -0.20209357
0.92520082, 0.95390011
-0.04827005, -0.08660205, -2.446e-05
-0.83489484, 0.55037081, 9.156e-05
0.91128612, 0.96701626
-0.07557016, -0.09646092, -0.03137188
-0.64476454, 0.72688985, 0.23636585
0.931916, 0.97456339
-0.06472978, -0.09851537, -2.445e-05
-0.50196844, 0.86486405, 0.00012207
0.91128618, 0.97510137
-0.0588144, -0.09222467, -2.446e-05
-0.61549729, 0.78811002, 0.00012207
0.91128647, 0.97237696
-0.04827006, -0.0777379, -2.45e-05
-0.75676745, -0.65364546, -0.00012207
0.9112851, 0.95610697
-0.07557016, -0.10143074, -2.445e-05
-0.64482558, 0.76430553, 0.00015259
0.91128629, 0.97783399
-0.06472978, -0.09369775, 0.03042359
-0.50196844, 0.82256538, -0.26712853
0.89149994, 0.9719707
-0.0588144, -0.08771495, 0.02847965
-0.61549729, 0.74956512, -0.24341562
0.89234197, 0.96937973
-0.04827006, -0.07393721, 0.02400295
-0.75676745, -0.62169254, 0.20184942
0.89736849, 0.95390564
-0.04827005, -0.08236751, 0.02674217
-0.83489484, 0.52345347, -0.16995758
0.89399827, 0.96428129
-0.04827006, -0.06289765, 0.04567993
-0.75676745, -0.52888578, 0.38407543
0.88481325, 0.94751155
-0.04827005, -0.07006888, 0.05089019
-0.83489484, 0.44532609, -0.32340464
0.87840176, 0.95633793
-0.07557016, -0.09647043, 0.03132448
-0.6448561, 0.72692037, -0.23603015
0.89065552, 0.9745696
-0.06472978, -0.07970695, 0.05789266
-0.50196844, 0.69975889, -0.50822473
0.87364948, 0.96287898
-0.0588144, -0.07461768, 0.05419508
-0.61549729, 0.63768423, -0.46311837
0.87525105, 0.96067502
-0.04827005, -0.05091003, 0.07005584
-0.83489484, 0.32355723, -0.44520402
0.86602318, 0.94396378
-0.07557016, -0.08206555, 0.05960627
-0.6448561, 0.61839658, -0.44911039
0.87204331, 0.96508976
-0.06472978, -0.05791251, 0.07969392
-0.50196844, 0.50843835, -0.6996063
0.85948217, 0.94871614
-0.0588144, -0.05421493, 0.07460464
-0.61549729, 0.463332, -0.63750112
0.86168647, 0.94711494
-0.04827006, -0.04569985, 0.06288456
-0.75676745, -0.38428909, 0.52873319
0.87484837, 0.93755062
-0.04827005, -0.02676638, 0.08236305
-0.83489484, 0.1701712, -0.52339244
0.85807431, 0.92837004
-0.07557016, -0.05962612, 0.0820525
-0.64482558, 0.44932401, -0.61824399
0.85727155, 0.95032244
-0.06472978, -0.0304478, 0.09369329
-0.50196844, 0.26737267, -0.82247382
0.85038483, 0.93086854
-0.0588144, -0.02850387, 0.08771048
-0.61549729, 0.24365978, -0.74950409
0.85297614, 0.93002687
-0.04827006, -0.02402725, 0.07393272
-0.75676745, -0.20209357, 0.62160099
0.86844933, 0.92499793
-0.07557016, -0.03134871, 0.09646598
-0.64479506, 0.2362743, -0.72688985
0.84778613, 0.9317131
-0.08110799, 0.10648008, 0.03459788
-0.9760735, -0.20667134, -0.06714072
0.89002538, 0.84569536
-0.08110804, 0.1119602, -1e-08
-0.9760735, -0.21738334, 0.0
0.91127092, 0.84233019
-0.08110799, 0.10648008, -0.0345979
-0.9760735, -0.20679343, 0.06717124
0.9325164, 0.84569536
-0.08110804, 0.09057689, -0.06580875
-0.97604299, -0.17590868, 0.12781152
0.95168197, 0.855461
-0.08110799, 0.06580873, -0.09057691
-0.9760735, -0.127781, 0.17590868
0.96689135, 0.87067035
-0.08110799, 0.03459788, -0.10648011
-0.9760735, -0.06714072, 0.20673238
0.97665697, 0.88983596
-0.08110799, -0.0, -0.11196022
-0.9760735, 3.052e-05, 0.21729179
0.98002219, 0.91108143
-0.08110799, -0.03459789, -0.10648011
-0.97610402, 0.06714072, 0.20657979
0.97665697, 0.93232689
-0.08110799, -0.06580873, -0.09057691
-0.97613454, 0.12765892, 0.17563403
0.96689135, 0.9514925
-0.08110799, -0.09057691, -0.06580875
-0.97613454, 0.17560351, 0.12753685
0.95168197, 0.96670184
-0.08110799, -0.1064801, -0.0345979
-0.97616506, 0.20633565, 0.06698813
0.9325164, 0.97646751
-0.08110799, -0.1119602, -1e-08
-0.97616506, 0.21689504, 0.0
0.91127092, 0.97983266
-0.08110799, -0.10648011, 0.03459789
-0.97619557, 0.20624408, -0.06701864
0.89002538, 0.97646751
-0.08110799, -0.09057691, 0.06580873
-0.97619557, 0.17542039, -0.12747581
0.87085986, 0.96670184
-0.08110799, -0.06580873, 0.09057689
-0.97619557, 0.12747581, -0.17545091
0.85565048, 0.9514925
-0.08110799, -0.03459789, 0.1064801
-0.97616506, 0.06701864, -0.20630512
0.84588492, 0.93232689
-0.08110799, -0.0, 0.1119602
-0.97616506, 0.0, -0.2169866
0.84251964, 0.91108143
-0.08110799, 0.03459788, 0.1064801
-0.97613454, -0.06704917, -0.20645772
0.84588492, 0.88983596
-0.08110799, 0.09057688, 0.06580873
-0.97610402, -0.17572558, -0.12768945
0.87085986, 0.85546103
-0.08110799, 0.06580873, 0.09057691
-0.97613454, -0.1276284, -0.17566454
0.85565048, 0.87067035
0.10171658, 1.41e-05, -9.09e-06
1.0, 0.0, 0.0
0.55812675, 0.76673645
0.09690074, 0.021797, 0.06708156
0.92278814, 0.11896115, 0.36646625
0.5382238, 0.77723119
0.09690074, -1.28e-06, 0.07052919
0.92278814, -6.104e-05, 0.3852962
0.54244113, 0.78286779
0.09690074, 0.04146302, 0.05706663
0.92278814, 0.22638631, 0.31174657
0.53595495, 0.77056727
0.09690074, 0.05707173, 0.04146472
0.92278814, 0.31165501, 0.2265389
0.53585619, 0.76352844
0.09690074, 0.06709524, 0.02180308
0.92278814, 0.36640522, 0.11914426
0.53793764, 0.75680362
0.09690074, 0.07055239, 6.31e-06
0.92278814, 0.3852962, 6.104e-05
0.54199511, 0.7510511
0.09690074, 0.06710476, -0.02179197
0.92275763, 0.36646625, -0.11896115
0.54763174, 0.74683389
0.09690074, 0.05708983, -0.04145799
0.92278814, 0.31174657, -0.22638631
0.55429554, 0.74456498
0.09690074, 0.04148793, -0.05706671
0.92275763, 0.2265389, -0.31165501
0.56133455, 0.74446636
0.09690074, 0.02182628, -0.06709023
0.92278814, 0.11914426, -0.36640522
0.56805938, 0.74654764
0.09690074, 2.95e-05, -0.07054738
0.92275763, 6.104e-05, -0.3852962
0.57381183, 0.75060517
0.09690074, -0.02176878, -0.06709974
0.92275763, -0.11896115, -0.36646625
0.57802904, 0.75624174
0.09690074, -0.04143481, -0.05708481
0.92275763, -0.22638631, -0.31174657
0.58029801, 0.76290554
0.09690074, -0.05704352, -0.0414829
0.92275763, -0.31165501, -0.2265389
0.58039689, 0.76994452
0.09690074, -0.06706704, -0.02182125
0.92275763, -0.36640522, -0.11914426
0.5783155, 0.77666932
0.09690074, -0.07052419, -2.447e-05
0.92278814, -0.3852962, -6.104e-05
0.57425791, 0.78242193
0.09690074, -0.06707656, 0.02177382
0.92275763, -0.36646625, 0.11896115
0.5686214, 0.78663912
0.09690074, -0.05706162, 0.04143984
0.92278814, -0.31174657, 0.22638631
0.56195748, 0.78890796
0.09690074, -0.04145972, 0.05704856
0.92275763, -0.2265389, 0.31165501
0.55491841, 0.78900662
0.09690074, -0.02179806, 0.06707208
0.92278814, -0.11914426, 0.36640522
0.54819375, 0.78692532
-0.09310748, -9.6e-07, 0.07599753
-0.43729973, -0.00015259, 0.89928889
0.53040409, 0.7949388
-0.09742775, 0.021797, 0.06708156
-0.92278814, 0.11896115, 0.36646625
0.5214988, 0.78607009
-0.09742775, -1.28e-06, 0.07052919
-0.92278814, -6.104e-05, 0.3852962
0.52916795, 0.7963203
-0.04827006, -1.3e-06, 0.07774294
-0.75676745, -0.00012207, 0.65364546
0.53039742, 0.79427989
-0.09310748, 0.0234871, 0.07228214
-0.43729973, 0.27771842, 0.85534227
0.53796571, 0.77733746
-0.09310748, -9.6e-07, 0.07599753
-0.43729973, -0.00015259, 0.89928889
0.54213029, 0.78292662
-0.04827006, 0.02402614, 0.07394222
-0.75676745, 0.20184942, 0.62169254
0.52329874, 0.78450942
-0.09310748, 0.04467747, 0.06149039
-0.43729973, 0.52845854, 0.72765285
0.53573215, 0.77073491
-0.09310748, 0.0234871, 0.07228214
-0.43729973, 0.27771842, 0.85534227
0.52310145, 0.78513813
-0.09742775, 0.04146302, 0.05706663
-0.92278814, 0.22638631, 0.31174657
0.51737279, 0.77395162
-0.04827006, 0.04570311, 0.06290267
-0.75676745, 0.38407543, 0.52888578
0.51956677, 0.77302349
-0.09310748, 0.06149587, 0.04467867
-0.43729973, 0.72743917, 0.52873319
0.53564817, 0.76376529
-0.09310748, 0.04467747, 0.06149039
-0.43729973, 0.52845854, 0.72765285
0.51918495, 0.77356048
-0.09742775, 0.05707173, 0.04146472
-0.92278814, 0.31165501, 0.2265389
0.5171935, 0.76115116
-0.04827006, 0.07395589, 0.02403227
-0.75676745, 0.62160099, 0.20209357
0.52329874, 0.74946058
-0.09310748, 0.07229602, 0.02349258
-0.43729973, 0.8552202, 0.27805415
0.53772205, 0.75711083
-0.09310748, 0.06149587, 0.04467867
-0.43729973, 0.72743917, 0.52873319
0.51903772, 0.76133922
-0.09742775, 0.06709524, 0.02180308
-0.92278814, 0.36640522, 0.11914426
0.52097845, 0.74892184
-0.09310748, 0.0760207, 5.99e-06
-0.43729973, 0.89928889, 0.00015259
0.54175073, 0.75142294
-0.09310748, 0.07229602, 0.02349258
-0.43729973, 0.8552202, 0.27805415
0.52267438, 0.74967054
-0.09742775, 0.07055239, 6.31e-06
-0.92278814, 0.3852962, 6.104e-05
0.52835697, 0.73846066
-0.04827006, 0.07776611, 6.34e-06
-0.75676745, 0.65364546, 0.00012207
0.53039742, 0.73969012
-0.09310748, 0.07230532, -0.02348207
-0.43729973, 0.85534227, -0.27771842
0.54733986, 0.74725837
-0.09310748, 0.0760207, 5.99e-06
-0.43729973, 0.89928889, 0.00015259
0.52973878, 0.7396968
-0.09742775, 0.06710476, -0.02179197
-0.92278814, 0.36646625, -0.11896115
0.53860736, 0.73079157
-0.04827006, 0.06292586, -0.04569808
-0.75676745, 0.52888578, -0.38407543
0.55165386, 0.72885948
-0.09310748, 0.06151359, -0.04467244
-0.43729973, 0.72765285, -0.52845854
0.5539425, 0.7450248
-0.09310748, 0.07230532, -0.02348207
-0.43729973, 0.85534227, -0.27771842
0.53953928, 0.73239416
-0.09742775, 0.05708983, -0.04145799
-0.92275763, 0.31174657, -0.22638631
0.55072576, 0.7266655
-0.09310748, 0.06151359, -0.04467244
-0.43729973, 0.72765285, -0.52845854
0.55111724, 0.72847754
-0.09742775, 0.04148793, -0.05706671
-0.92275763, 0.2265389, -0.31165501
0.56352627, 0.72648609
-0.09310748, 0.04470186, -0.06149084
-0.43729973, 0.52873319, -0.72743917
0.56091207, 0.74494085
-0.04827006, 0.04572807, -0.0629027
-0.75676745, 0.38428909, -0.52873319
0.56373084, 0.72885948
-0.09310748, 0.02351577, -0.07229099
-0.43729973, 0.27805415, -0.8552202
0.56756651, 0.7470147
-0.09310748, 0.04470186, -0.06149084
-0.43729973, 0.52873319, -0.72743917
0.5633384, 0.72833031
-0.09742775, 0.02182628, -0.06709023
-0.92275763, 0.11914426, -0.36640522
0.5757553, 0.73027104
-0.04827006, 2.953e-05, -0.07776108
-0.75676745, 0.00012207, -0.65364546
0.58498728, 0.73969012
-0.09310748, 2.919e-05, -0.07601567
-0.43729973, 0.00015259, -0.89928889
0.57325441, 0.75104338
-0.09310748, 0.02351577, -0.07229099
-0.43729973, 0.27805415, -0.8552202
0.5750069, 0.73196685
-0.09742775, 2.95e-05, -0.07054738
-0.92275763, 6.104e-05, -0.3852962
0.58621669, 0.73764977
-0.09310748, -0.02345888, -0.07230029
-0.43729973, -0.27771842, -0.85534227
0.57741898, 0.75663261
-0.09310748, 2.919e-05, -0.07601567
-0.43729973, 0.00015259, -0.89928889
0.58498073, 0.73903117
-0.09742775, -0.02176878, -0.06709974
-0.92275763, -0.11896115, -0.36646625
0.59388578, 0.74790007
-0.04827006, -0.04567489, -0.06292083
-0.75676745, -0.38407543, -0.52888578
0.59581792, 0.76094653
-0.09310748, -0.04464924, -0.06150856
-0.43729973, -0.52845854, -0.72765285
0.57965261, 0.76323517
-0.09310748, -0.02345888, -0.07230029
-0.43729973, -0.27771842, -0.85534227
0.59228337, 0.74883196
-0.09742775, -0.04143481, -0.05708481
-0.92275763, -0.22638631, -0.31174657
0.59801185, 0.7600185
-0.09310748, -0.06146764, -0.04469682
-0.43729973, -0.72743917, -0.52873319
0.57973659, 0.77020475
-0.09310748, -0.04464924, -0.06150856
-0.43729973, -0.52845854, -0.72765285
0.59619993, 0.76040959
-0.09742775, -0.05704352, -0.0414829
-0.92275763, -0.31165501, -0.2265389
0.59819144, 0.77281895
-0.04827006, -0.06287951, -0.04572303
-0.75676745, -0.52873319, -0.38428909
0.59581792, 0.77302355
-0.09310748, -0.0722678, -0.02351074
-0.43729973, -0.8552202, -0.27805415
0.57766271, 0.77685919
-0.09310748, -0.06146764, -0.04469682
-0.43729973, -0.72743917, -0.52873319
0.59634733, 0.77263086
-0.09742775, -0.06706704, -0.02182125
-0.92275763, -0.36640522, -0.11914426
0.59440649, 0.78504822
-0.04827006, -0.07392768, -0.02405043
-0.75676745, -0.62160099, -0.20209357
0.59208596, 0.78450945
-0.09310748, -0.07599249, -2.415e-05
-0.43729973, -0.89928889, -0.00015259
0.57363397, 0.7825471
-0.09310748, -0.0722678, -0.02351074
-0.43729973, -0.8552202, -0.27805415
0.59271067, 0.78429954
-0.09742775, -0.07052419, -2.447e-05
-0.92278814, -0.3852962, -6.104e-05
0.58702767, 0.7955095
-0.04827006, -0.0777379, -2.45e-05
-0.75676745, -0.65364546, -0.00012207
0.58498728, 0.79427993
-0.09310748, -0.07227712, 0.02346392
-0.43729973, -0.85534227, 0.27771842
0.56804484, 0.78671166
-0.09310748, -0.07599249, -2.415e-05
-0.43729973, -0.89928889, -0.00015259
0.58564633, 0.79427333
-0.09742775, -0.06707656, 0.02177382
-0.92275763, -0.36646625, 0.11896115
0.5767774, 0.80317855
-0.04827006, -0.07393721, 0.02400295
-0.75676745, -0.62169254, 0.20184942
0.57521671, 0.80137861
-0.09310748, -0.06148538, 0.04465429
-0.43729973, -0.72765285, 0.52845854
0.5614422, 0.78894524
-0.09310748, -0.07227712, 0.02346392
-0.43729973, -0.85534227, 0.27771842
0.57584572, 0.80157593
-0.09742775, -0.05706162, 0.04143984
-0.92278814, -0.31174657, 0.22638631
0.56465888, 0.80730462
-0.04827006, -0.04569985, 0.06288456
-0.75676745, -0.38428909, 0.52873319
0.55165386, 0.8051106
-0.09310748, -0.04467364, 0.0614727
-0.43729973, -0.52873319, 0.72743917
0.55447268, 0.78902924
-0.09310748, -0.06148538, 0.04465429
-0.43729973, -0.72765285, 0.52845854
0.56426805, 0.80549257
-0.09742775, -0.04145972, 0.05704856
-0.92275763, -0.2265389, 0.31165501
0.55185843, 0.80748405
-0.09310748, -0.04467364, 0.0614727
-0.43729973, -0.52873319, 0.72743917
0.55204684, 0.80563986
-0.09742775, -0.02179806, 0.06707208
-0.92275763, -0.11914426, 0.36640522
0.53962916, 0.80369914
-0.04827006, -0.02402725, 0.07393272
-0.75676745, -0.20209357, 0.62160099
0.54016799, 0.80137858
-0.09310748, -0.02348755, 0.07227284
-0.43729973, -0.27805415, 0.8552202
0.54781818, 0.78695534
-0.09310748, -0.02348755, 0.07227284
-0.43729973, -0.27805415, 0.8552202
0.54037774, 0.80200322
-0.10224359, 1.41e-05, -9.09e-06
-1.0, 0.0, 0.0
0.55812675, 0.76673645
-0.09742775, -1.28e-06, 0.07052919
-0.92278814, -6.104e-05, 0.3852962
0.54244113, 0.78286779
-0.09742775, 0.021797, 0.06708156
-0.92278814, 0.11896115, 0.36646625
0.5382238, 0.77723119
-0.09742775, 0.04146302, 0.05706663
-0.92278814, 0.22638631, 0.31174657
0.53595495, 0.77056727
-0.09742775, 0.05707173, 0.04146472
-0.92278814, 0.31165501, 0.2265389
0.53585619, 0.76352844
-0.09742775, 0.06709524, 0.02180308
-0.92278814, 0.36640522, 0.11914426
0.53793764, 0.75680362
-0.09742775, 0.07055239, 6.31e-06
-0.92278814, 0.3852962, 6.104e-05
0.54199511, 0.7510511
-0.09742775, 0.06710476, -0.02179197
-0.92278814, 0.36646625, -0.11896115
0.54763174, 0.74683389
-0.09742775, 0.05708983, -0.04145799
-0.92275763, 0.31174657, -0.22638631
0.55429554, 0.74456498
-0.09742775, 0.04148793, -0.05706671
-0.92275763, 0.2265389, -0.31165501
0.56133455, 0.74446636
-0.09742775, 0.02182628, -0.06709023
-0.92275763, 0.11914426, -0.36640522
0.56805938, 0.74654764
-0.09742775, 2.95e-05, -0.07054738
-0.92275763, 6.104e-05, -0.3852962
0.57381183, 0.75060517
-0.09742775, -0.02176878, -0.06709974
-0.92275763, -0.11896115, -0.36646625
0.57802904, 0.75624174
-0.09742775, -0.04143481, -0.05708481
-0.92275763, -0.22638631, -0.31174657
0.58029801, 0.76290554
-0.09742775, -0.05704352, -0.0414829
-0.92275763, -0.31165501, -0.2265389
0.58039689, 0.76994452
-0.09742775, -0.06706704, -0.02182125
-0.92275763, -0.36640522, -0.11914426
0.5783155, 0.77666932
-0.09742775, -0.07052419, -2.447e-05
-0.92278814, -0.3852962, -6.104e-05
0.57425791, 0.78242193
-0.09742775, -0.06707656, 0.02177382
-0.92275763, -0.36646625, 0.11896115
0.5686214, 0.78663912
-0.09742775, -0.05706162, 0.04143984
-0.92278814, -0.31174657, 0.22638631
0.56195748, 0.78890796
-0.09742775, -0.04145972, 0.05704856
-0.92275763, -0.2265389, 0.31165501
0.55491841, 0.78900662
-0.09742775, -0.02179806, 0.06707208
-0.92275763, -0.11914426, 0.36640522
0.54819375, 0.78692532
-0.07139901, 0.05110193, -0.15727593
-0.43137914, 0.27878657, -0.85799736
0.57397282, 0.27729398
-0.07139901, -0.1337869, -0.09720199
-0.43137914, -0.72985017, -0.53025907
0.57397282, 0.27729398
-0.07139901, -0.16536999, 0.0
-0.43137914, -0.90215766, 0.0
0.57397187, 0.27729398
-0.07139901, -0.05110193, -0.15727592
-0.43137914, -0.27878657, -0.85799736
0.57397282, 0.27729398
-0.07139901, 0.09720198, 0.13378692
-0.43137914, 0.53025907, 0.72985017
0.5739727, 0.27729398
-0.07139901, 0.15727592, 0.05110193
-0.43137914, 0.85799736, 0.27878657
0.57397282, 0.27729398
-0.071399, 0.16536999, 0.0
-0.43137914, 0.90215766, 0.0
0.57397282, 0.27729398
-0.07139901, 0.05110193, 0.15727592
-0.43137914, 0.27875605, 0.85799736
0.57397282, 0.27729398
-0.07139901, -0.05110193, 0.1572759
-0.43137914, -0.27878657, 0.85799736
0.57397282, 0.27729398
-0.071399, 0.13378692, 0.09720198
-0.43137914, 0.72985017, 0.53025907
0.57397282, 0.27729398
-0.07139901, -0.09720198, -0.13378692
-0.43137914, -0.53025907, -0.72985017
0.5739727, 0.27729398
-0.07139901, -0.09720198, 0.13378692
-0.43137914, -0.53025907, 0.72985017
0.5739727, 0.27729398
-0.07139901, -0.13378692, 0.09720198
-0.43137914, -0.72985017, 0.53025907
0.57397282, 0.27729398
-0.071399, -0.15727592, 0.05110193
-0.43137914, -0.85799736, 0.27875605
0.57311702, 0.27727997
-0.07139901, 0.13378692, -0.09720198
-0.43137914, 0.72985017, -0.53025907
0.57397354, 0.27729398
-0.071399, 0.0, -0.16536999
-0.43137914, 0.0, -0.90215766
0.5739727, 0.27729398
-0.07139901, 0.09720197, -0.13378692
-0.43137914, 0.53025907, -0.72985017
0.57397366, 0.27729398
-0.07139901, 0.0, 0.16536999
-0.43137914, 0.0, 0.90215766
0.57397377, 0.27729398
-0.07139901, 0.15727592, -0.05110193
-0.43137914, 0.85799736, -0.27878657
0.57397354, 0.27729398
0.070872, -0.1337869, -0.09720199
0.43137914, -0.72985017, -0.53025907
0.42131433, 0.71421799
0.08058099, -0.0, 0.15235355
0.93939024, 0.0, 0.34275338
0.93567908, 0.5
0.08058099, -0.15235355, -1e-08
0.93939024, -0.34275338, 0.0
0.49999991, 0.06432092
0.08058099, -0.0, -0.15235355
0.93939024, 0.0, -0.34275338
0.06432086, 0.5
0.08058099, 0.15235355, -1e-08
0.93939024, 0.34275338, 0.0
0.49999991, 0.93567908
-0.07139901, -0.09720198, 0.13378692
-0.43137914, -0.53025907, 0.72985017
0.88258481, 0.22203559
-0.07139901, -0.1337869, -0.09720199
-0.43137914, -0.72985017, -0.53025907
0.22203541, 0.11741507
-0.07139901, 0.13378692, -0.09720198
-0.43137914, 0.72985017, -0.53025907
0.22203541, 0.88258481
-0.08110799, -0.09057691, -0.06580875
-0.97613454, 0.17560351, 0.12753685
0.18614, 0.27074701
-0.08110799, -0.06580873, 0.09057689
-0.97619557, 0.12747581, -0.17545091
0.27332801, 0.821236
-0.071399, 0.13378692, 0.09720198
-0.43137914, 0.72985017, 0.53025907
0.77796429, 0.88258499
-0.08110799, -0.15235355, -1e-08
-0.93939024, -0.34275338, 0.0
0.042855, 0.502397
-0.08110799, 0.15235355, -1e-08
-0.93939024, 0.34275338, 0.0
0.96641701, 0.502397
-0.08110799, -0.0, -0.15235355
-0.93939024, 0.0, -0.34275338
0.50463599, 0.04061598
-0.04827005, 0.06290773, 0.04570487
-0.75676745, 0.52873319, 0.38428909
0.51956677, 0.7609465
-0.04827006, 0.07396542, -0.02402111
-0.75676745, 0.62169254, -0.20184942
0.54016799, 0.73259145
-0.04827005, 0.02405547, -0.07395086
-0.75676745, 0.20209357, -0.62160099
0.57521671, 0.73259145
-0.04827006, -0.02399791, -0.07396039
-0.75676745, -0.20184942, -0.62169254
0.59208596, 0.74946064
-0.04827006, -0.06289765, 0.04567993
-0.75676745, -0.52888578, 0.38407543
0.56373084, 0.8051106
# Number of Faces:
800
# Face Data:
0, 1, 2
3, 4, 5
6, 7, 8
9, 10, 11
12, 13, 14
15, 16, 17
18, 19, 20
21, 22, 23
24, 25, 26
27, 28, 29
30, 31, 32
33, 34, 35
36, 37, 38
39, 40, 41
42, 43, 44
45, 46, 47
48, 49, 50
51, 52, 53
54, 55, 56
57, 58, 59
60, 61, 62
63, 64, 65
66, 67, 68
69, 70, 60
61, 71, 62
72, 73, 74
75, 76, 77
78, 79, 80
81, 82, 83
84, 85, 86
87, 78, 80
88, 89, 90
91, 92, 93
94, 95, 96
97, 98, 64
99, 94, 71
100, 101, 98
102, 103, 67
104, 63, 65
105, 106, 103
107, 108, 109
110, 66, 68
92, 109, 93
96, 111, 91
101, 112, 69
108, 113, 110
106, 114, 104
115, 86, 116
117, 118, 119
120, 117, 119
121, 115, 116
122, 123, 124
125, 74, 123
126, 127, 128
90, 127, 88
81, 129, 120
130, 122, 124
131, 132, 75
133, 73, 134
76, 135, 77
136, 137, 138
139, 140, 141
142, 143, 144
145, 144, 140
146, 141, 147
148, 149, 150
151, 142, 145
152, 139, 146
153, 154, 148
155, 156, 136
157, 145, 139
158, 159, 142
160, 161, 153
162, 163, 155
164, 151, 157
165, 166, 158
167, 158, 151
168, 157, 152
160, 169, 170
171, 172, 162
173, 167, 164
174, 175, 165
176, 165, 167
177, 164, 168
178, 179, 174
180, 174, 176
181, 173, 177
182, 169, 183
184, 185, 171
186, 176, 173
187, 186, 181
188, 189, 182
190, 191, 184
192, 180, 186
193, 194, 178
195, 178, 180
196, 197, 188
198, 199, 190
200, 195, 192
201, 202, 193
203, 193, 195
204, 192, 187
205, 206, 198
207, 203, 200
208, 209, 201
210, 201, 203
211, 200, 204
212, 213, 196
214, 215, 208
216, 208, 210
217, 207, 211
218, 219, 212
220, 221, 205
222, 210, 207
223, 222, 217
218, 224, 225
226, 227, 220
228, 216, 222
229, 230, 214
231, 214, 216
232, 224, 233
234, 235, 226
236, 231, 228
237, 238, 229
239, 229, 231
240, 228, 223
241, 239, 236
242, 243, 237
244, 237, 239
245, 236, 240
246, 247, 232
248, 249, 234
250, 242, 244
251, 241, 245
252, 253, 246
254, 255, 248
256, 244, 241
257, 258, 242
259, 260, 252
261, 262, 254
263, 250, 256
264, 265, 257
266, 257, 250
267, 256, 251
268, 269, 259
270, 271, 261
272, 266, 263
273, 274, 264
275, 264, 266
276, 263, 267
277, 278, 273
279, 273, 275
280, 272, 276
281, 282, 268
283, 284, 270
285, 275, 272
286, 285, 280
287, 288, 281
289, 290, 283
291, 279, 285
292, 293, 277
294, 277, 279
295, 296, 287
297, 298, 289
299, 294, 291
300, 301, 292
302, 292, 294
303, 291, 286
304, 305, 297
306, 302, 299
307, 308, 300
309, 300, 302
310, 299, 303
311, 312, 295
144, 313, 307
140, 307, 309
147, 306, 310
150, 314, 311
138, 315, 304
141, 309, 306
316, 194, 317
317, 202, 318
318, 209, 319
319, 215, 320
320, 230, 321
321, 238, 322
322, 243, 323
323, 258, 324
324, 265, 325
325, 274, 326
326, 278, 327
327, 293, 328
328, 301, 329
329, 308, 330
330, 313, 331
331, 143, 332
332, 159, 333
333, 166, 334
166, 335, 334
335, 179, 316
336, 337, 338
339, 340, 341
342, 343, 344
345, 338, 346
337, 347, 348
349, 350, 351
352, 353, 354
355, 356, 357
358, 359, 360
361, 357, 356
362, 355, 363
364, 365, 358
366, 367, 368
369, 370, 371
340, 372, 373
348, 369, 371
373, 374, 375
344, 376, 377
378, 341, 379
377, 380, 381
382, 383, 384
385, 342, 386
367, 387, 382
388, 368, 370
374, 346, 375
383, 386, 384
380, 379, 381
389, 390, 361
391, 392, 393
394, 391, 395
396, 389, 397
398, 399, 400
400, 351, 350
363, 401, 362
402, 401, 403
359, 395, 360
404, 398, 405
405, 353, 404
397, 349, 396
406, 393, 392
407, 408, 409
410, 411, 412
412, 413, 407
409, 414, 415
411, 416, 413
408, 417, 414
413, 418, 408
419, 420, 411
416, 421, 418
422, 423, 420
420, 424, 416
418, 425, 417
424, 426, 421
427, 428, 423
423, 429, 424
421, 430, 425
431, 432, 428
428, 433, 429
426, 434, 430
429, 435, 426
435, 436, 434
433, 437, 435
438, 439, 432
432, 440, 433
440, 441, 437
442, 443, 439
439, 444, 440
437, 445, 436
444, 446, 441
447, 448, 443
443, 449, 444
441, 450, 445
451, 452, 448
448, 453, 449
446, 454, 450
449, 455, 446
455, 456, 454
453, 457, 455
458, 459, 452
452, 460, 453
460, 461, 457
462, 463, 459
459, 464, 460
457, 465, 456
464, 466, 461
467, 468, 463
463, 469, 464
461, 470, 465
468, 471, 469
466, 472, 470
469, 473, 466
474, 475, 468
471, 476, 473
477, 478, 475
475, 479, 471
473, 480, 472
479, 481, 476
482, 483, 478
478, 484, 479
476, 485, 480
486, 487, 483
483, 488, 484
481, 489, 485
484, 490, 481
490, 491, 489
488, 492, 490
493, 494, 487
487, 495, 488
495, 496, 492
497, 498, 494
494, 499, 495
492, 500, 491
499, 501, 496
502, 503, 498
498, 504, 499
496, 505, 500
506, 412, 503
503, 407, 504
501, 415, 505
504, 409, 501
507, 438, 431
508, 442, 438
509, 447, 442
510, 451, 447
511, 458, 451
512, 462, 458
513, 467, 462
514, 474, 467
515, 477, 474
516, 482, 477
517, 486, 482
518, 493, 486
519, 497, 493
520, 502, 497
521, 506, 502
522, 410, 506
523, 419, 410
524, 422, 419
525, 422, 526
525, 431, 427
527, 528, 529
527, 530, 528
527, 531, 530
527, 532, 531
527, 533, 532
527, 534, 533
527, 535, 534
527, 536, 535
527, 537, 536
527, 538, 537
527, 539, 538
527, 540, 539
527, 541, 540
527, 542, 541
527, 543, 542
527, 544, 543
527, 545, 544
527, 546, 545
527, 547, 546
527, 529, 547
548, 549, 550
551, 552, 553
554, 555, 552
556, 557, 549
558, 559, 555
560, 561, 557
559, 562, 563
564, 565, 561
562, 566, 563
567, 568, 565
569, 570, 566
571, 572, 568
570, 573, 574
575, 576, 572
577, 578, 576
573, 579, 574
580, 581, 579
582, 583, 578
581, 584, 585
586, 587, 583
584, 588, 585
589, 590, 587
588, 591, 592
593, 594, 590
591, 595, 592
596, 597, 594
598, 599, 595
600, 601, 597
602, 603, 599
604, 605, 601
606, 607, 603
608, 609, 605
610, 611, 607
612, 613, 609
611, 614, 615
616, 617, 613
618, 619, 617
615, 620, 621
620, 553, 621
622, 550, 619
623, 624, 625
623, 625, 626
623, 626, 627
623, 627, 628
623, 628, 629
623, 629, 630
623, 630, 631
623, 631, 632
623, 632, 633
623, 633, 634
623, 634, 635
623, 635, 636
623, 636, 637
623, 637, 638
623, 638, 639
623, 639, 640
623, 640, 641
623, 641, 642
623, 642, 643
623, 643, 624
0, 644, 1
3, 645, 4
6, 646, 7
9, 647, 10
12, 648, 13
15, 649, 16
18, 650, 19
21, 651, 22
24, 652, 25
27, 653, 28
30, 654, 31
33, 655, 34
36, 656, 37
39, 657, 40
42, 658, 43
45, 659, 46
48, 660, 49
51, 661, 52
54, 662, 55
57, 663, 58
60, 70, 61
63, 97, 64
66, 102, 67
69, 112, 70
61, 99, 71
72, 134, 73
75, 132, 76
78, 85, 79
81, 89, 82
84, 79, 85
87, 126, 78
88, 82, 89
91, 111, 92
94, 664, 95
97, 100, 98
99, 664, 94
100, 665, 101
102, 105, 103
104, 114, 63
105, 666, 106
107, 667, 108
110, 113, 66
92, 107, 109
96, 95, 111
101, 665, 112
108, 667, 113
106, 666, 114
115, 84, 86
117, 135, 118
120, 129, 117
121, 133, 115
122, 125, 123
125, 72, 74
126, 87, 127
90, 128, 127
81, 83, 129
130, 131, 122
131, 130, 132
133, 121, 73
76, 118, 135
136, 156, 137
139, 145, 140
142, 159, 143
145, 142, 144
146, 139, 141
148, 154, 149
151, 158, 142
152, 157, 139
153, 161, 154
155, 163, 156
157, 151, 145
158, 166, 159
160, 170, 161
162, 172, 163
164, 167, 151
165, 175, 166
167, 165, 158
168, 164, 157
160, 183, 169
171, 185, 172
173, 176, 167
174, 179, 175
176, 174, 165
177, 173, 164
178, 194, 179
180, 178, 174
181, 186, 173
182, 189, 169
184, 191, 185
186, 180, 176
187, 192, 186
188, 197, 189
190, 199, 191
192, 195, 180
193, 202, 194
195, 193, 178
196, 213, 197
198, 206, 199
200, 203, 195
201, 209, 202
203, 201, 193
204, 200, 192
205, 221, 206
207, 210, 203
208, 215, 209
210, 208, 201
211, 207, 200
212, 219, 213
214, 230, 215
216, 214, 208
217, 222, 207
218, 225, 219
220, 227, 221
222, 216, 210
223, 228, 222
218, 233, 224
226, 235, 227
228, 231, 216
229, 238, 230
231, 229, 214
232, 247, 224
234, 249, 235
236, 239, 231
237, 243, 238
239, 237, 229
240, 236, 228
241, 244, 239
242, 258, 243
244, 242, 237
245, 241, 236
246, 253, 247
248, 255, 249
250, 257, 242
251, 256, 241
252, 260, 253
254, 262, 255
256, 250, 244
257, 265, 258
259, 269, 260
261, 271, 262
263, 266, 250
264, 274, 265
266, 264, 257
267, 263, 256
268, 282, 269
270, 284, 271
272, 275, 266
273, 278, 274
275, 273, 264
276, 272, 263
277, 293, 278
279, 277, 273
280, 285, 272
281, 288, 282
283, 290, 284
285, 279, 275
286, 291, 285
287, 296, 288
289, 298, 290
291, 294, 279
292, 301, 293
294, 292, 277
295, 312, 296
297, 305, 298
299, 302, 294
300, 308, 301
302, 300, 292
303, 299, 291
304, 315, 305
306, 309, 302
307, 313, 308
309, 307, 300
310, 306, 299
311, 314, 312
144, 143, 313
140, 144, 307
147, 141, 306
150, 149, 314
138, 137, 315
141, 140, 309
316, 179, 194
317, 194, 202
318, 202, 209
319, 209, 215
320, 215, 230
321, 230, 238
322, 238, 243
323, 243, 258
324, 258, 265
325, 265, 274
326, 274, 278
327, 278, 293
328, 293, 301
329, 301, 308
330, 308, 313
331, 313, 143
332, 143, 159
333, 159, 166
166, 175, 335
335, 175, 179
336, 668, 337
339, 669, 340
342, 670, 343
345, 336, 338
337, 668, 347
349, 671, 350
352, 406, 353
355, 672, 356
358, 365, 359
361, 390, 357
362, 672, 355
364, 402, 365
366, 673, 367
369, 388, 370
340, 669, 372
348, 347, 369
373, 372, 374
344, 343, 376
378, 339, 341
377, 376, 380
382, 387, 383
385, 670, 342
367, 673, 387
388, 366, 368
374, 345, 346
383, 385, 386
380, 378, 379
389, 674, 390
391, 675, 392
394, 675, 391
396, 674, 389
398, 676, 399
400, 399, 351
363, 403, 401
402, 364, 401
359, 394, 395
404, 676, 398
405, 354, 353
397, 671, 349
406, 352, 393
407, 413, 408
410, 419, 411
412, 411, 413
409, 408, 414
411, 420, 416
408, 418, 417
413, 416, 418
419, 422, 420
416, 424, 421
422, 427, 423
420, 423, 424
418, 421, 425
424, 429, 426
427, 431, 428
423, 428, 429
421, 426, 430
431, 438, 432
428, 432, 433
426, 435, 434
429, 433, 435
435, 437, 436
433, 440, 437
438, 442, 439
432, 439, 440
440, 444, 441
442, 447, 443
439, 443, 444
437, 441, 445
444, 449, 446
447, 451, 448
443, 448, 449
441, 446, 450
451, 458, 452
448, 452, 453
446, 455, 454
449, 453, 455
455, 457, 456
453, 460, 457
458, 462, 459
452, 459, 460
460, 464, 461
462, 467, 463
459, 463, 464
457, 461, 465
464, 469, 466
467, 474, 468
463, 468, 469
461, 466, 470
468, 475, 471
466, 473, 472
469, 471, 473
474, 477, 475
471, 479, 476
477, 482, 478
475, 478, 479
473, 476, 480
479, 484, 481
482, 486, 483
478, 483, 484
476, 481, 485
486, 493, 487
483, 487, 488
481, 490, 489
484, 488, 490
490, 492, 491
488, 495, 492
493, 497, 494
487, 494, 495
495, 499, 496
497, 502, 498
494, 498, 499
492, 496, 500
499, 504, 501
502, 506, 503
498, 503, 504
496, 501, 505
506, 410, 412
503, 412, 407
501, 409, 415
504, 407, 409
507, 508, 438
508, 509, 442
509, 510, 447
510, 511, 451
511, 512, 458
512, 513, 462
513, 514, 467
514, 515, 474
515, 516, 477
516, 517, 482
517, 518, 486
518, 519, 493
519, 520, 497
520, 521, 502
521, 522, 506
522, 523, 410
523, 524, 419
524, 526, 422
525, 427, 422
525, 507, 431
548, 556, 549
551, 554, 552
554, 558, 555
556, 560, 557
558, 677, 559
560, 564, 561
559, 677, 562
564, 567, 565
562, 569, 566
567, 571, 568
569, 678, 570
571, 575, 572
570, 678, 573
575, 577, 576
577, 582, 578
573, 580, 579
580, 679, 581
582, 586, 583
581, 679, 584
586, 589, 587
584, 680, 588
589, 593, 590
588, 680, 591
593, 596, 594
591, 598, 595
596, 600, 597
598, 602, 599
600, 604, 601
602, 606, 603
604, 608, 605
606, 610, 607
608, 612, 609
610, 681, 611
612, 616, 613
611, 681, 614
616, 618, 617
618, 622, 619
615, 614, 620
620, 551, 553
622, 548, 550
