# Project Zomboid Skinned Mesh
# File Version:
1.0
# Model Name:
Roll
# Vertex Stride Element Count:
3
# Vertex Stride Size (in bytes):
76
# Vertex Stride Data:
# (Int)    Offset
# (String) Type
0
VertexArray
12
NormalArray
24
TextureCoordArray
# Vertex Count:
344
# Vertex Buffer:
0.47351846, 0.13623646, -0.32890391
0.66570026, 0.28553116, -0.68938261
0.24437551, 0.69492692
-1e-08, -3e-08, -0.35600305
0.0, 0.0, -1.0
0.42951655, 0.06379402
-1e-08, 0.13623631, -0.32890403
0.0, 0.38267159, -0.92385632
0.24437551, 0.06379402
0.47351846, -0.13623653, -0.32890391
0.66570026, -0.28553116, -0.68938261
0.24437551, 0.69492692
-1e-08, -0.25173223, -0.25173223
0.0, -0.70708334, -0.70708334
0.42951488, 0.06379402
-1e-08, -0.13623653, -0.32890391
0.0, -0.38267159, -0.92385632
0.24437384, 0.06379402
0.47351846, -0.25173223, -0.25173223
0.66570026, -0.5276345, -0.5276345
0.24437551, 0.69492692
-1e-08, -0.32890397, -0.13623655
0.0, -0.92385632, -0.38267159
0.42951488, 0.06379402
-1e-08, -0.25173223, -0.25173223
0.0, -0.70708334, -0.70708334
0.24437384, 0.06379402
0.47351846, -0.32890397, -0.13623655
0.66570026, -0.68938261, -0.28553116
0.24437384, 0.69492692
-1e-08, -0.35600314, 0.0
0.0, -1.0, 0.0
0.42951655, 0.06379402
-1e-08, -0.32890397, -0.13623655
0.0, -0.92385632, -0.38267159
0.24437384, 0.06379402
0.47351846, -0.35600314, 0.0
0.66570026, -0.74617755, 0.0
0.24437384, 0.69492611
-1e-08, -0.32890397, 0.13623655
0.0, -0.92385632, 0.38267159
0.42951655, 0.06379402
-1e-08, -0.35600314, 0.0
0.0, -1.0, 0.0
0.24437384, 0.06379402
0.47351846, -0.32890397, 0.13623655
0.66570026, -0.68938261, 0.28553116
0.24437551, 0.69492692
-1e-08, -0.25173223, 0.25173223
0.0, -0.70708334, 0.70708334
0.42951488, 0.06379402
-1e-08, -0.32890397, 0.13623655
0.0, -0.92385632, 0.38267159
0.24437384, 0.06379402
0.47351846, -0.25173223, 0.25173223
0.66570026, -0.5276345, 0.5276345
0.24437551, 0.69492692
-1e-08, -0.13623653, 0.32890391
0.0, -0.38267159, 0.92385632
0.42951488, 0.06379402
-1e-08, -0.25173223, 0.25173223
0.0, -0.70708334, 0.70708334
0.24437384, 0.06379402
0.47351846, -6e-08, 0.35600305
0.66570026, 0.0, 0.74617755
0.24437551, 0.69492692
-1e-08, 0.13623652, 0.32890403
0.0, 0.38267159, 0.92385632
0.42951488, 0.06379402
-1e-08, 0.0, 0.35600317
0.0, 0.0, 1.0
0.24437384, 0.06379402
0.47351846, 0.13623652, 0.32890403
0.66570026, 0.28553116, 0.68938261
0.24437384, 0.69492692
-1e-08, 0.25173214, 0.25173235
0.0, 0.70708334, 0.70708334
0.42951488, 0.06379402
-1e-08, 0.13623652, 0.32890403
0.0, 0.38267159, 0.92385632
0.24437384, 0.06379402
0.47351846, 0.25173214, 0.25173235
0.66570026, 0.5276345, 0.5276345
0.24437551, 0.69492692
-1e-08, 0.32890394, 0.13623655
0.0, 0.92385632, 0.38267159
0.42951488, 0.06379402
-1e-08, 0.25173214, 0.25173235
0.0, 0.70708334, 0.70708334
0.24437384, 0.06379402
0.47351846, 0.32890394, 0.13623655
0.66570026, 0.68938261, 0.28553116
0.24437551, 0.69492692
-1e-08, 0.35600314, 0.0
0.0, 1.0, 0.0
0.42951655, 0.06379402
-1e-08, 0.32890394, 0.13623655
0.0, 0.92385632, 0.38267159
0.24437384, 0.06379402
0.47351846, 0.35600314, 0.0
0.66570026, 0.74617755, 0.0
0.24437551, 0.69492692
-1e-08, 0.32890394, -0.13623655
0.0, 0.92385632, -0.38267159
0.42951655, 0.06379402
-1e-08, 0.35600314, 0.0
0.0, 1.0, 0.0
0.24437551, 0.06379402
0.47351846, 0.32890394, -0.13623655
0.66570026, 0.68938261, -0.28553116
0.24437551, 0.69492692
-1e-08, 0.25173214, -0.25173235
0.0, 0.70708334, -0.70708334
0.42951655, 0.06379402
-1e-08, 0.32890394, -0.13623655
0.0, 0.92385632, -0.38267159
0.24437551, 0.06379402
0.47351846, 0.32884434, 0.0
0.75374615, -0.65712452, 0.0
0.25143635, 0.73042956
0.30591682, 0.30381247, -0.12584329
0.66570026, -0.68938261, 0.28553116
0.42245525, 0.95381936
0.47351846, 0.30381247, -0.12584329
0.75374615, -0.60710472, 0.25147253
0.42245525, 0.73043117
0.47351846, 0.25173214, -0.25173235
0.66570026, 0.5276345, -0.5276345
0.24437384, 0.69492611
-1e-08, 0.13623631, -0.32890403
0.0, 0.38267159, -0.92385632
0.42951488, 0.06379402
-1e-08, 0.25173214, -0.25173235
0.0, 0.70708334, -0.70708334
0.24437384, 0.06379402
0.47351846, -0.32884434, 0.0
0.75374615, 0.65712452, 0.0
0.25143635, 0.73042956
0.30591682, -0.30381253, 0.12584329
0.66570026, 0.68938261, -0.28553116
0.42245525, 0.95381855
0.47351846, -0.30381253, 0.12584329
0.75374615, 0.60710472, -0.25147253
0.42245525, 0.73042956
0.47351846, 0.30381247, 0.12584341
0.75374615, -0.60710472, -0.25147253
0.25143802, 0.73042956
0.30591682, 0.32884434, 0.0
0.66570026, -0.74617755, 0.0
0.42245525, 0.95381936
0.47351846, 0.32884434, 0.0
0.75374615, -0.65712452, 0.0
0.42245567, 0.73042956
0.47351846, -0.30381253, -0.12584329
0.75374615, 0.60710472, 0.25147253
0.25143802, 0.73042956
0.30591682, -0.32884434, 0.0
0.66570026, 0.74617755, 0.0
0.42245525, 0.95381936
0.47351846, -0.32884434, 0.0
0.75374615, 0.65712452, 0.0
0.42245567, 0.73043117
0.47351846, 0.232528, 0.23252809
0.75374615, -0.46464431, -0.46464431
0.25143802, 0.73042956
0.30591682, 0.30381247, 0.12584341
0.66570026, -0.68938261, -0.28553116
0.42245525, 0.95381936
0.47351846, 0.30381247, 0.12584341
0.75374615, -0.60710472, -0.25147253
0.42245525, 0.73043117
0.47351846, -0.23252806, -0.23252809
0.75374615, 0.46464431, 0.46464431
0.25143635, 0.73042956
0.30591682, -0.30381253, -0.12584329
0.66570026, 0.68938261, 0.28553116
0.42245525, 0.95381855
0.47351846, -0.30381253, -0.12584329
0.75374615, 0.60710472, 0.25147253
0.42245525, 0.73042956
0.47351846, 0.12584314, 0.3038125
0.75374615, -0.25147253, -0.60710472
0.25143802, 0.73043117
0.30591682, 0.232528, 0.23252809
0.66570026, -0.5276345, -0.5276345
0.42245567, 0.95381936
0.47351846, 0.232528, 0.23252809
0.75374615, -0.46464431, -0.46464431
0.42245525, 0.73042956
0.47351846, -0.12584332, -0.30381238
0.75374615, 0.25147253, 0.60710472
0.25143635, 0.73042956
0.30591682, -0.23252806, -0.23252809
0.66570026, 0.5276345, 0.5276345
0.42245525, 0.95381855
0.47351846, -0.23252806, -0.23252809
0.75374615, 0.46464431, 0.46464431
0.42245525, 0.73042956
0.47351846, -3e-08, -0.32884431
0.75374615, 0.0, 0.65712452
0.25143802, 0.73042956
0.47351846, -0.13623653, -0.32890391
0.66570026, -0.28553116, -0.68938261
0.42951655, 0.69492692
0.47351846, -3e-08, -0.35600305
0.66570026, 0.0, -0.74617755
0.24437593, 0.69492692
0.47351846, -0.23252806, 0.23252809
0.75374615, 0.46464431, -0.46464431
0.42245525, 0.73042956
0.47351846, -0.30381253, 0.12584329
0.75374615, 0.60710472, -0.25147253
0.25143802, 0.73042956
0.47351846, -0.12584329, 0.3038125
0.75374615, 0.25147253, -0.60710472
0.42245525, 0.73042956
0.47351846, -0.23252806, 0.23252809
0.75374615, 0.46464431, -0.46464431
0.25143635, 0.73042956
0.47351846, -6e-08, 0.32884431
0.75374615, 0.0, -0.65712452
0.42245525, 0.73042956
0.47351846, -0.1362365, 0.32890403
0.66570026, -0.28553116, 0.68938261
0.24437551, 0.69492692
0.47351846, -0.12584329, 0.3038125
0.75374615, 0.25147253, -0.60710472
0.25143635, 0.73042956
0.47351846, 0.12584314, 0.3038125
0.75374615, -0.25147253, -0.60710472
0.42245525, 0.73042956
0.47351846, -6e-08, 0.32884431
0.75374615, 0.0, -0.65712452
0.25143802, 0.73043117
0.47351846, 0.23252794, -0.23252815
0.75374615, -0.46464431, 0.46464431
0.42245567, 0.73042956
0.47351846, 0.30381247, -0.12584329
0.75374615, -0.60710472, 0.25147253
0.25143802, 0.73043117
0.47351846, 0.23252794, -0.23252815
0.75374615, -0.46464431, 0.46464431
0.25143802, 0.73042956
0.47351846, 0.13623646, -0.32890391
0.66570026, 0.28553116, -0.68938261
0.42951655, 0.69492692
0.47351846, 0.12584308, -0.30381256
0.75374615, -0.25147253, 0.60710472
0.25143802, 0.73042956
0.47351846, -3e-08, -0.35600305
0.66570026, 0.0, -0.74617755
0.42951655, 0.69492692
0.30591682, -0.12584332, -0.30381238
0.66570026, 0.28553116, 0.68938261
0.90446347, 0.66982684
0.30591676, -3e-08, 6e-08
0.99996948, 0.0, 0.0
0.49952477, 0.50209564
0.30591682, -0.23252806, -0.23252809
0.66570026, 0.5276345, 0.5276345
0.80945098, 0.81202225
0.30591682, 0.12584308, -0.30381256
0.66570026, -0.28553116, 0.68938261
0.90446508, 0.33436602
0.30591682, -3e-08, -0.32884431
0.66570026, 0.0, 0.74617755
0.93782759, 0.50209564
0.30591682, 0.30381247, -0.12584329
0.66570026, -0.68938261, 0.28553116
0.66725641, 0.09715903
0.30591682, 0.23252794, -0.23252815
0.66570026, -0.5276345, 0.5276345
0.80945098, 0.19217145
0.30591682, 0.30381247, 0.12584341
0.66570026, -0.68938261, -0.28553116
0.66725641, 0.90703469
0.30591682, 0.32884434, 0.0
0.66570026, -0.74617755, 0.0
0.49952477, 0.94039886
0.30591682, 0.12584314, 0.3038125
0.66570026, -0.28553116, -0.68938261
0.90446508, 0.66982684
0.30591682, 0.232528, 0.23252809
0.66570026, -0.5276345, -0.5276345
0.80945098, 0.81202225
0.30591682, -0.12584329, 0.3038125
0.66570026, 0.28553116, -0.68938261
0.90446508, 0.33436602
0.30591682, -6e-08, 0.32884431
0.66570026, 0.0, -0.74617755
0.93782759, 0.50209564
0.30591682, -0.30381253, 0.12584329
0.66570026, 0.68938261, -0.28553116
0.66725641, 0.09715903
0.30591682, -0.23252806, 0.23252809
0.66570026, 0.5276345, -0.5276345
0.80945098, 0.19217062
0.30591682, -0.30381253, -0.12584329
0.66570026, 0.68938261, 0.28553116
0.66725641, 0.90703469
0.30591682, -0.32884434, 0.0
0.66570026, 0.74617755, 0.0
0.49952477, 0.94039886
0.30591682, -0.23252806, 0.23252809
0.66570026, 0.5276345, -0.5276345
0.42245525, 0.95381936
0.30591682, 0.23252794, -0.23252815
0.66570026, -0.5276345, 0.5276345
0.42245567, 0.95381936
0.30591682, -0.12584329, 0.3038125
0.66570026, 0.28553116, -0.68938261
0.42245525, 0.95381855
0.30591682, 0.12584308, -0.30381256
0.66570026, -0.28553116, 0.68938261
0.42245567, 0.95381936
0.47351846, 0.12584308, -0.30381256
0.75374615, -0.25147253, 0.60710472
0.42245567, 0.73042956
-1e-08, 0.0, 0.35600317
0.0, 0.0, 1.0
0.42951488, 0.06379402
-1e-08, -0.13623653, 0.32890391
0.0, -0.38267159, 0.92385632
0.24437384, 0.06379402
0.30591676, 0.02455017, 0.0245502
0.0, 0.70708334, 0.70708334
0.07208044, 0.37225837
0.49456924, 0.0347192, 0.0
0.63023776, 0.77636033, 0.0
0.15400094, 0.95381855
0.30591676, 0.0347192, 0.0
0.0, 0.99996948, 0.0
0.15400094, 0.37225837
0.49456924, -3e-08, 6e-08
1.0, 0.0, 0.0
0.06307346, 0.20306647
0.49456924, 0.02455017, 0.0245502
0.63023776, 0.54896694, 0.54896694
0.13875455, 0.27874762
0.49456924, -3e-08, 0.03471917
0.63023776, 0.0, 0.77636033
0.17010328, 0.20306647
0.49456924, -0.0245502, 0.0245502
0.63023776, -0.54896694, 0.54896694
0.13875455, 0.12738347
0.49456924, -0.0347192, 0.0
0.63023776, -0.77636033, 0.0
0.06307346, 0.09603488
0.49456924, -0.0245502, -0.02455014
0.63023776, -0.54896694, -0.54896694
0.13875455, 0.12738347
0.49456924, 6e-08, -0.03471917
0.63023776, 0.0, -0.77636033
0.17010328, 0.20306647
0.49456924, -0.0245502, -0.02455014
0.63023776, -0.54896694, -0.54896694
0.07208044, 0.95381855
0.30591676, -0.0347192, 0.0
0.0, -1.0, 0.0
0.15400094, 0.37225837
0.30591676, -0.0245502, -0.02455014
0.0, -0.70708334, -0.70708334
0.07208044, 0.37225837
0.30591676, -0.0347192, 0.0
0.0, -1.0, 0.0
0.07208427, 0.37225837
0.49456924, -0.0245502, 0.0245502
0.63023776, -0.54896694, 0.54896694
0.15400094, 0.95381855
0.30591676, -0.0245502, 0.0245502
0.0, -0.70708334, 0.70708334
0.15400094, 0.37225837
0.30591676, 0.0347192, 0.0
0.0, 0.99996948, 0.0
0.07208044, 0.37225837
0.49456924, 0.02455017, -0.02455014
0.63023776, 0.54896694, -0.54896694
0.15400094, 0.95381855
0.30591676, 0.02455017, -0.02455014
0.0, 0.70708334, -0.70708334
0.15400094, 0.37225837
0.30591676, -0.0245502, 0.0245502
0.0, -0.70708334, 0.70708334
0.07208234, 0.37225837
0.49456924, -3e-08, 0.03471917
0.63023776, 0.0, 0.77636033
0.15400094, 0.95381855
0.30591676, -3e-08, 0.03471917
0.0, 0.0, 1.0
0.15400094, 0.37225837
0.30591676, 0.02455017, -0.02455014
0.0, 0.70708334, -0.70708334
0.07208427, 0.37225837
0.49456924, 6e-08, -0.03471917
0.63023776, 0.0, -0.77636033
0.15400094, 0.95381855
0.30591676, 6e-08, -0.03471917
0.0, 0.0, -1.0
0.15400094, 0.37225837
0.30591676, 6e-08, -0.03471917
0.0, 0.0, -1.0
0.07208234, 0.37225837
0.49456924, -0.0245502, -0.02455014
0.63023776, -0.54896694, -0.54896694
0.15400094, 0.95381855
0.30591676, -0.0245502, -0.02455014
0.0, -0.70708334, -0.70708334
0.15400094, 0.37225837
0.30591676, -3e-08, 0.03471917
0.0, 0.0, 1.0
0.07208427, 0.37225837
0.49456924, 0.02455017, 0.0245502
0.63023776, 0.54896694, 0.54896694
0.15400094, 0.95381855
0.30591676, 0.02455017, 0.0245502
0.0, 0.70708334, 0.70708334
0.15400094, 0.37225837
-1e-08, -0.13623653, -0.32890391
0.0, -0.38267159, -0.92385632
0.42951488, 0.06379402
-1e-08, -3e-08, -0.35600305
0.0, 0.0, -1.0
0.24437384, 0.06379402
0.30591682, 0.12584314, 0.3038125
0.66570026, -0.28553116, -0.68938261
0.42245525, 0.95381936
0.30591682, -6e-08, 0.32884431
0.66570026, 0.0, -0.74617755
0.42245525, 0.95381855
0.30591682, -0.12584332, -0.30381238
0.66570026, 0.28553116, 0.68938261
0.42245525, 0.95381936
0.47351846, -0.12584332, -0.30381238
0.75374615, 0.25147253, 0.60710472
0.42245567, 0.73043117
0.30591682, -3e-08, -0.32884431
0.66570026, 0.0, 0.74617755
0.42245525, 0.95381936
0.47351846, -3e-08, -0.32884431
0.75374615, 0.0, 0.65712452
0.42245567, 0.73042956
0.49456924, 0.02455017, -0.02455014
0.63023776, 0.54896694, -0.54896694
0.13875455, 0.27874762
0.49456924, 0.0347192, 0.0
0.63023776, 0.77636033, 0.0
0.06307346, 0.31009448
-0.47351846, 0.13623646, -0.32890391
-0.66570026, 0.28553116, -0.68938261
0.24437551, 0.69492692
-0.47351846, -0.13623653, -0.32890391
-0.66570026, -0.28553116, -0.68938261
0.24437551, 0.69492692
-0.47351846, -0.25173223, -0.25173223
-0.66570026, -0.5276345, -0.5276345
0.24437551, 0.69492692
-0.47351846, -0.32890397, -0.13623655
-0.66570026, -0.68938261, -0.28553116
0.24437384, 0.69492692
-0.47351846, -0.35600314, 0.0
-0.66570026, -0.74617755, 0.0
0.24437384, 0.69492611
-0.47351846, -0.32890397, 0.13623655
-0.66570026, -0.68938261, 0.28553116
0.24437551, 0.69492692
-0.47351846, -0.25173223, 0.25173223
-0.66570026, -0.5276345, 0.5276345
0.24437551, 0.69492692
-0.47351846, 0.13623652, 0.32890403
-0.66570026, 0.28553116, 0.68938261
0.42951655, 0.69492692
-0.47351846, -6e-08, 0.35600305
-0.66570026, 0.0, 0.74617755
0.24437551, 0.69492692
-0.47351846, 0.13623652, 0.32890403
-0.66570026, 0.28553116, 0.68938261
0.24437384, 0.69492692
-0.47351846, 0.25173214, 0.25173235
-0.66570026, 0.5276345, 0.5276345
0.24437551, 0.69492692
-0.47351846, 0.32890394, 0.13623655
-0.66570026, 0.68938261, 0.28553116
0.24437551, 0.69492692
-0.47351846, 0.35600314, 0.0
-0.66570026, 0.74617755, 0.0
0.24437551, 0.69492692
-0.47351846, 0.32890394, -0.13623655
-0.66570026, 0.68938261, -0.28553116
0.24437551, 0.69492692
-0.30591682, 0.30381247, -0.12584329
-0.66570026, -0.68938261, 0.28553116
0.42245525, 0.95381936
-0.47351846, 0.32884434, 0.0
-0.75374615, -0.65712452, 0.0
0.25143635, 0.73042956
-0.47351846, 0.30381247, -0.12584329
-0.75374615, -0.60710472, 0.25147253
0.42245525, 0.73043117
-0.47351846, 0.25173214, -0.25173235
-0.66570026, 0.5276345, -0.5276345
0.24437384, 0.69492611
-0.30591682, -0.30381253, 0.12584329
-0.66570026, 0.68938261, -0.28553116
0.42245525, 0.95381855
-0.47351846, -0.32884434, 0.0
-0.75374615, 0.65712452, 0.0
0.25143635, 0.73042956
-0.47351846, -0.30381253, 0.12584329
-0.75374615, 0.60710472, -0.25147253
0.42245525, 0.73042956
-0.30591682, 0.32884434, 0.0
-0.66570026, -0.74617755, 0.0
0.42245525, 0.95381936
-0.47351846, 0.30381247, 0.12584341
-0.75374615, -0.60710472, -0.25147253
0.25143802, 0.73042956
-0.47351846, 0.32884434, 0.0
-0.75374615, -0.65712452, 0.0
0.42245567, 0.73042956
-0.30591682, -0.32884434, 0.0
-0.66570026, 0.74617755, 0.0
0.42245525, 0.95381936
-0.47351846, -0.30381253, -0.12584329
-0.75374615, 0.60710472, 0.25147253
0.25143802, 0.73042956
-0.47351846, -0.32884434, 0.0
-0.75374615, 0.65712452, 0.0
0.42245567, 0.73043117
-0.30591682, 0.30381247, 0.12584341
-0.66570026, -0.68938261, -0.28553116
0.42245525, 0.95381936
-0.47351846, 0.232528, 0.23252809
-0.75374615, -0.46464431, -0.46464431
0.25143802, 0.73042956
-0.47351846, 0.30381247, 0.12584341
-0.75374615, -0.60710472, -0.25147253
0.42245525, 0.73043117
-0.30591682, -0.30381253, -0.12584329
-0.66570026, 0.68938261, 0.28553116
0.42245525, 0.95381855
-0.47351846, -0.23252806, -0.23252809
-0.75374615, 0.46464431, 0.46464431
0.25143635, 0.73042956
-0.47351846, -0.30381253, -0.12584329
-0.75374615, 0.60710472, 0.25147253
0.42245525, 0.73042956
-0.30591682, 0.232528, 0.23252809
-0.66570026, -0.5276345, -0.5276345
0.42245567, 0.95381936
-0.47351846, 0.12584314, 0.3038125
-0.75374615, -0.25147253, -0.60710472
0.25143802, 0.73043117
-0.47351846, 0.232528, 0.23252809
-0.75374615, -0.46464431, -0.46464431
0.42245525, 0.73042956
-0.30591682, -0.23252806, -0.23252809
-0.66570026, 0.5276345, 0.5276345
0.42245525, 0.95381855
-0.47351846, -0.12584332, -0.30381238
-0.75374615, 0.25147253, 0.60710472
0.25143635, 0.73042956
-0.47351846, -0.23252806, -0.23252809
-0.75374615, 0.46464431, 0.46464431
0.42245525, 0.73042956
-0.47351846, -3e-08, -0.32884431
-0.75374615, 0.0, 0.65712452
0.25143802, 0.73042956
-0.47351846, -0.13623653, -0.32890391
-0.66570026, -0.28553116, -0.68938261
0.42951655, 0.69492692
-0.47351846, -0.12584332, -0.30381238
-0.75374615, 0.25147253, 0.60710472
0.42245567, 0.73043117
-0.47351846, -0.32890397, -0.13623655
-0.66570026, -0.68938261, -0.28553116
0.42951655, 0.69492692
-0.47351846, -0.23252806, 0.23252809
-0.75374615, 0.46464431, -0.46464431
0.42245525, 0.73042956
-0.47351846, -0.30381253, 0.12584329
-0.75374615, 0.60710472, -0.25147253
0.25143802, 0.73042956
-0.47351846, -0.12584329, 0.3038125
-0.75374615, 0.25147253, -0.60710472
0.42245525, 0.73042956
-0.47351846, -0.23252806, 0.23252809
-0.75374615, 0.46464431, -0.46464431
0.25143635, 0.73042956
-0.47351846, -0.1362365, 0.32890403
-0.66570026, -0.28553116, 0.68938261
0.24437551, 0.69492692
-0.47351846, -6e-08, 0.32884431
-0.75374615, 0.0, -0.65712452
0.42245525, 0.73042956
-0.47351846, -0.12584329, 0.3038125
-0.75374615, 0.25147253, -0.60710472
0.25143635, 0.73042956
-0.47351846, 0.12584314, 0.3038125
-0.75374615, -0.25147253, -0.60710472
0.42245525, 0.73042956
-0.47351846, -6e-08, 0.32884431
-0.75374615, 0.0, -0.65712452
0.25143802, 0.73043117
-0.47351846, 0.32890394, 0.13623655
-0.66570026, 0.68938261, 0.28553116
0.42951655, 0.69492692
-0.47351846, 0.23252794, -0.23252815
-0.75374615, -0.46464431, 0.46464431
0.42245567, 0.73042956
-0.47351846, 0.30381247, -0.12584329
-0.75374615, -0.60710472, 0.25147253
0.25143802, 0.73043117
-0.47351846, 0.23252794, -0.23252815
-0.75374615, -0.46464431, 0.46464431
0.25143802, 0.73042956
-0.47351846, 0.13623646, -0.32890391
-0.66570026, 0.28553116, -0.68938261
0.42951655, 0.69492692
-0.47351846, 0.12584308, -0.30381256
-0.75374615, -0.25147253, 0.60710472
0.42245567, 0.73042956
-0.47351846, 0.12584308, -0.30381256
-0.75374615, -0.25147253, 0.60710472
0.25143802, 0.73042956
-0.47351846, -3e-08, -0.35600305
-0.66570026, 0.0, -0.74617755
0.42951655, 0.69492692
-0.47351846, -3e-08, -0.32884431
-0.75374615, 0.0, 0.65712452
0.42245567, 0.73042956
-0.30591682, -0.12584332, -0.30381238
-0.66570026, 0.28553116, 0.68938261
0.90446347, 0.66982684
-0.30591676, -3e-08, 6e-08
-1.0, 0.0, 0.0
0.49952477, 0.50209564
-0.30591682, -3e-08, -0.32884431
-0.66570026, 0.0, 0.74617755
0.93782759, 0.50209564
-0.30591682, 0.12584308, -0.30381256
-0.66570026, -0.28553116, 0.68938261
0.90446508, 0.33436602
-0.30591682, 0.23252794, -0.23252815
-0.66570026, -0.5276345, 0.5276345
0.80945098, 0.19217145
-0.30591682, 0.30381247, -0.12584329
-0.66570026, -0.68938261, 0.28553116
0.66725641, 0.09715903
-0.30591682, 0.32884434, 0.0
-0.66570026, -0.74617755, 0.0
0.49952477, 0.06379402
-0.30591682, 0.30381247, 0.12584341
-0.66570026, -0.68938261, -0.28553116
0.66725641, 0.90703469
-0.30591682, 0.232528, 0.23252809
-0.66570026, -0.5276345, -0.5276345
0.80945098, 0.81202225
-0.30591682, 0.12584314, 0.3038125
-0.66570026, -0.28553116, -0.68938261
0.90446508, 0.66982684
-0.30591682, -6e-08, 0.32884431
-0.66570026, 0.0, -0.74617755
0.93782759, 0.50209564
-0.30591682, -0.12584329, 0.3038125
-0.66570026, 0.28553116, -0.68938261
0.90446508, 0.33436602
-0.30591682, -0.23252806, 0.23252809
-0.66570026, 0.5276345, -0.5276345
0.80945098, 0.19217062
-0.30591682, -0.30381253, 0.12584329
-0.66570026, 0.68938261, -0.28553116
0.66725641, 0.09715903
-0.30591682, -0.32884434, 0.0
-0.66570026, 0.74617755, 0.0
0.49952477, 0.06379402
-0.30591682, -0.30381253, -0.12584329
-0.66570026, 0.68938261, 0.28553116
0.66725641, 0.90703469
-0.30591682, -0.23252806, -0.23252809
-0.66570026, 0.5276345, 0.5276345
0.80945098, 0.81202225
-0.30591682, -0.23252806, 0.23252809
-0.66570026, 0.5276345, -0.5276345
0.42245525, 0.95381936
-0.30591682, 0.23252794, -0.23252815
-0.66570026, -0.5276345, 0.5276345
0.42245567, 0.95381936
-0.30591682, -0.12584329, 0.3038125
-0.66570026, 0.28553116, -0.68938261
0.42245525, 0.95381855
-0.30591682, 0.12584308, -0.30381256
-0.66570026, -0.28553116, 0.68938261
0.42245567, 0.95381936
-0.49456924, 0.0347192, 0.0
-0.63023776, 0.77636033, 0.0
0.15400094, 0.95381855
-0.30591676, 0.02455017, 0.0245502
0.0, 0.70708334, 0.70708334
0.07208044, 0.37225837
-0.30591676, 0.0347192, 0.0
0.0, 0.99996948, 0.0
0.15400094, 0.37225837
-0.49456924, 0.02455017, 0.0245502
-0.63023776, 0.54896694, 0.54896694
0.13875455, 0.27874762
-0.49456924, -3e-08, 6e-08
-1.0, 0.0, 0.0
0.06307346, 0.20306647
-0.49456924, -3e-08, 0.03471917
-0.63023776, 0.0, 0.77636033
0.17010328, 0.20306647
-0.49456924, -0.0245502, 0.0245502
-0.63023776, -0.54896694, 0.54896694
0.13875455, 0.12738347
-0.49456924, -0.0347192, 0.0
-0.63023776, -0.77636033, 0.0
0.06307346, 0.09603488
-0.49456924, -0.0245502, -0.02455014
-0.63023776, -0.54896694, -0.54896694
0.13875455, 0.12738347
-0.30591676, -0.0347192, 0.0
0.0, -1.0, 0.0
0.15400094, 0.37225837
-0.49456924, -0.0245502, -0.02455014
-0.63023776, -0.54896694, -0.54896694
0.07208044, 0.95381855
-0.30591676, -0.0245502, -0.02455014
0.0, -0.70708334, -0.70708334
0.07208044, 0.37225837
-0.49456924, -0.0245502, 0.0245502
-0.63023776, -0.54896694, 0.54896694
0.15400094, 0.95381855
-0.30591676, -0.0347192, 0.0
0.0, -1.0, 0.0
0.07208427, 0.37225837
-0.30591676, -0.0245502, 0.0245502
0.0, -0.70708334, 0.70708334
0.15400094, 0.37225837
-0.49456924, 0.02455017, -0.02455014
-0.63023776, 0.54896694, -0.54896694
0.15400094, 0.95381855
-0.30591676, 0.0347192, 0.0
0.0, 0.99996948, 0.0
0.07208044, 0.37225837
-0.30591676, 0.02455017, -0.02455014
0.0, 0.70708334, -0.70708334
0.15400094, 0.37225837
-0.49456924, -3e-08, 0.03471917
-0.63023776, 0.0, 0.77636033
0.15400094, 0.95381855
-0.30591676, -0.0245502, 0.0245502
0.0, -0.70708334, 0.70708334
0.07208234, 0.37225837
-0.30591676, -3e-08, 0.03471917
0.0, 0.0, 1.0
0.15400094, 0.37225837
-0.49456924, 6e-08, -0.03471917
-0.63023776, 0.0, -0.77636033
0.15400094, 0.95381855
-0.30591676, 0.02455017, -0.02455014
0.0, 0.70708334, -0.70708334
0.07208427, 0.37225837
-0.30591676, 6e-08, -0.03471917
0.0, 0.0, -1.0
0.15400094, 0.37225837
-0.49456924, -0.0245502, -0.02455014
-0.63023776, -0.54896694, -0.54896694
0.15400094, 0.95381855
-0.30591676, 6e-08, -0.03471917
0.0, 0.0, -1.0
0.07208234, 0.37225837
-0.30591676, -0.0245502, -0.02455014
0.0, -0.70708334, -0.70708334
0.15400094, 0.37225837
-0.49456924, 0.02455017, 0.0245502
-0.63023776, 0.54896694, 0.54896694
0.15400094, 0.95381855
-0.30591676, -3e-08, 0.03471917
0.0, 0.0, 1.0
0.07208427, 0.37225837
-0.30591676, 0.02455017, 0.0245502
0.0, 0.70708334, 0.70708334
0.15400094, 0.37225837
-0.47351846, -3e-08, -0.35600305
-0.66570026, 0.0, -0.74617755
0.24437384, 0.69492692
-0.30591682, 0.12584314, 0.3038125
-0.66570026, -0.28553116, -0.68938261
0.42245525, 0.95381936
-0.30591682, -6e-08, 0.32884431
-0.66570026, 0.0, -0.74617755
0.42245525, 0.95381855
-0.30591682, -0.12584332, -0.30381238
-0.66570026, 0.28553116, 0.68938261
0.42245525, 0.95381936
-0.30591682, -3e-08, -0.32884431
-0.66570026, 0.0, 0.74617755
0.42245525, 0.95381936
-0.49456924, 0.02455017, -0.02455014
-0.63023776, 0.54896694, -0.54896694
0.13875455, 0.27874762
-0.49456924, 0.0347192, 0.0
-0.63023776, 0.77636033, 0.0
0.06307346, 0.31009448
0.47351846, -0.25173223, -0.25173223
0.66570026, -0.5276345, -0.5276345
0.42951488, 0.69492692
0.47351846, -0.32890397, -0.13623655
0.66570026, -0.68938261, -0.28553116
0.42951655, 0.69492692
0.47351846, -0.35600314, 0.0
0.66570026, -0.74617755, 0.0
0.42951655, 0.69492692
0.47351846, -0.32890397, 0.13623655
0.66570026, -0.68938261, 0.28553116
0.42951655, 0.69492611
0.47351846, -0.25173223, 0.25173223
0.66570026, -0.5276345, 0.5276345
0.42951655, 0.69492692
0.47351846, -0.1362365, 0.32890403
0.66570026, -0.28553116, 0.68938261
0.42951655, 0.69492692
0.47351846, 0.13623652, 0.32890403
0.66570026, 0.28553116, 0.68938261
0.42951655, 0.69492692
0.47351846, 0.25173214, 0.25173235
0.66570026, 0.5276345, 0.5276345
0.42951488, 0.69492692
0.47351846, 0.32890394, 0.13623655
0.66570026, 0.68938261, 0.28553116
0.42951655, 0.69492692
0.47351846, 0.35600314, 0.0
0.66570026, 0.74617755, 0.0
0.42951655, 0.69492611
0.47351846, 0.32890394, -0.13623655
0.66570026, 0.68938261, -0.28553116
0.42951655, 0.69492692
0.47351846, 0.25173214, -0.25173235
0.66570026, 0.5276345, -0.5276345
0.42951655, 0.69492692
0.30591682, 0.32884434, 0.0
0.66570026, -0.74617755, 0.0
0.25143635, 0.95381936
0.30591682, -0.32884434, 0.0
0.66570026, 0.74617755, 0.0
0.25143635, 0.95381855
0.30591682, 0.30381247, 0.12584341
0.66570026, -0.68938261, -0.28553116
0.25143802, 0.95381936
0.30591682, -0.30381253, -0.12584329
0.66570026, 0.68938261, 0.28553116
0.25143802, 0.95381936
0.30591682, 0.232528, 0.23252809
0.66570026, -0.5276345, -0.5276345
0.25143802, 0.95381936
0.30591682, -0.23252806, -0.23252809
0.66570026, 0.5276345, 0.5276345
0.25143635, 0.95381855
0.30591682, 0.12584314, 0.3038125
0.66570026, -0.28553116, -0.68938261
0.25143802, 0.95381936
0.30591682, -0.12584332, -0.30381238
0.66570026, 0.28553116, 0.68938261
0.25143635, 0.95381855
0.47351846, -6e-08, 0.35600305
0.66570026, 0.0, 0.74617755
0.42951488, 0.69492692
0.30591682, 0.32884434, 0.0
0.66570026, -0.74617755, 0.0
0.49952477, 0.06379402
0.30591682, -0.32884434, 0.0
0.66570026, 0.74617755, 0.0
0.49952477, 0.06379402
0.30591682, -0.30381253, 0.12584329
0.66570026, 0.68938261, -0.28553116
0.25143802, 0.95381936
0.30591682, 0.30381247, -0.12584329
0.66570026, -0.68938261, 0.28553116
0.25143802, 0.95381936
0.30591682, -0.23252806, 0.23252809
0.66570026, 0.5276345, -0.5276345
0.25143635, 0.95381855
0.30591682, 0.23252794, -0.23252815
0.66570026, -0.5276345, 0.5276345
0.25143802, 0.95381936
0.49456924, 0.02455017, 0.0245502
0.63023776, 0.54896694, 0.54896694
0.07208044, 0.95381855
0.49456924, -0.0347192, 0.0
0.63023776, -0.77636033, 0.0
0.15400094, 0.95381855
0.49456924, -0.0347192, 0.0
0.63023776, -0.77636033, 0.0
0.07208427, 0.95381855
0.49456924, 0.0347192, 0.0
0.63023776, 0.77636033, 0.0
0.07208044, 0.95381855
0.49456924, -0.0245502, 0.0245502
0.63023776, -0.54896694, 0.54896694
0.07208234, 0.95381855
0.49456924, 0.02455017, -0.02455014
0.63023776, 0.54896694, -0.54896694
0.07208427, 0.95381855
0.49456924, 6e-08, -0.03471917
0.63023776, 0.0, -0.77636033
0.07208234, 0.95381855
0.49456924, -3e-08, 0.03471917
0.63023776, 0.0, 0.77636033
0.07208427, 0.95381855
0.30591682, -6e-08, 0.32884431
0.66570026, 0.0, -0.74617755
0.25143802, 0.95381936
0.30591682, -0.12584329, 0.3038125
0.66570026, 0.28553116, -0.68938261
0.25143635, 0.95381855
0.30591682, -3e-08, -0.32884431
0.66570026, 0.0, 0.74617755
0.25143802, 0.95381936
0.30591682, 0.12584308, -0.30381256
0.66570026, -0.28553116, 0.68938261
0.25143802, 0.95381936
-0.47351846, -0.25173223, -0.25173223
-0.66570026, -0.5276345, -0.5276345
0.42951488, 0.69492692
-0.47351846, -0.35600314, 0.0
-0.66570026, -0.74617755, 0.0
0.42951655, 0.69492692
-0.47351846, -0.32890397, 0.13623655
-0.66570026, -0.68938261, 0.28553116
0.42951655, 0.69492611
-0.47351846, -0.25173223, 0.25173223
-0.66570026, -0.5276345, 0.5276345
0.42951655, 0.69492692
-0.47351846, -0.1362365, 0.32890403
-0.66570026, -0.28553116, 0.68938261
0.42951655, 0.69492692
-0.47351846, 0.25173214, 0.25173235
-0.66570026, 0.5276345, 0.5276345
0.42951488, 0.69492692
-0.47351846, 0.35600314, 0.0
-0.66570026, 0.74617755, 0.0
0.42951655, 0.69492611
-0.47351846, 0.32890394, -0.13623655
-0.66570026, 0.68938261, -0.28553116
0.42951655, 0.69492692
-0.47351846, 0.25173214, -0.25173235
-0.66570026, 0.5276345, -0.5276345
0.42951655, 0.69492692
-0.30591682, 0.32884434, 0.0
-0.66570026, -0.74617755, 0.0
0.25143635, 0.95381936
-0.30591682, -0.32884434, 0.0
-0.66570026, 0.74617755, 0.0
0.25143635, 0.95381855
-0.30591682, 0.30381247, 0.12584341
-0.66570026, -0.68938261, -0.28553116
0.25143802, 0.95381936
-0.30591682, -0.30381253, -0.12584329
-0.66570026, 0.68938261, 0.28553116
0.25143802, 0.95381936
-0.30591682, 0.232528, 0.23252809
-0.66570026, -0.5276345, -0.5276345
0.25143802, 0.95381936
-0.30591682, -0.23252806, -0.23252809
-0.66570026, 0.5276345, 0.5276345
0.25143635, 0.95381855
-0.30591682, 0.12584314, 0.3038125
-0.66570026, -0.28553116, -0.68938261
0.25143802, 0.95381936
-0.30591682, -0.12584332, -0.30381238
-0.66570026, 0.28553116, 0.68938261
0.25143635, 0.95381855
-0.47351846, -6e-08, 0.35600305
-0.66570026, 0.0, 0.74617755
0.42951488, 0.69492692
-0.30591682, 0.32884434, 0.0
-0.66570026, -0.74617755, 0.0
0.49952477, 0.94039886
-0.30591682, -0.32884434, 0.0
-0.66570026, 0.74617755, 0.0
0.49952477, 0.94039886
-0.30591682, -0.30381253, 0.12584329
-0.66570026, 0.68938261, -0.28553116
0.25143802, 0.95381936
-0.30591682, 0.30381247, -0.12584329
-0.66570026, -0.68938261, 0.28553116
0.25143802, 0.95381936
-0.30591682, -0.23252806, 0.23252809
-0.66570026, 0.5276345, -0.5276345
0.25143635, 0.95381855
-0.30591682, 0.23252794, -0.23252815
-0.66570026, -0.5276345, 0.5276345
0.25143802, 0.95381936
-0.49456924, 0.02455017, 0.0245502
-0.63023776, 0.54896694, 0.54896694
0.07208044, 0.95381855
-0.49456924, 6e-08, -0.03471917
-0.63023776, 0.0, -0.77636033
0.17010328, 0.20306647
-0.49456924, -0.0347192, 0.0
-0.63023776, -0.77636033, 0.0
0.15400094, 0.95381855
-0.49456924, -0.0347192, 0.0
-0.63023776, -0.77636033, 0.0
0.07208427, 0.95381855
-0.49456924, 0.0347192, 0.0
-0.63023776, 0.77636033, 0.0
0.07208044, 0.95381855
-0.49456924, -0.0245502, 0.0245502
-0.63023776, -0.54896694, 0.54896694
0.07208234, 0.95381855
-0.49456924, 0.02455017, -0.02455014
-0.63023776, 0.54896694, -0.54896694
0.07208427, 0.95381855
-0.49456924, 6e-08, -0.03471917
-0.63023776, 0.0, -0.77636033
0.07208234, 0.95381855
-0.49456924, -3e-08, 0.03471917
-0.63023776, 0.0, 0.77636033
0.07208427, 0.95381855
-0.30591682, -6e-08, 0.32884431
-0.66570026, 0.0, -0.74617755
0.25143802, 0.95381936
-0.30591682, -0.12584329, 0.3038125
-0.66570026, 0.28553116, -0.68938261
0.25143635, 0.95381855
-0.30591682, -3e-08, -0.32884431
-0.66570026, 0.0, 0.74617755
0.25143802, 0.95381936
-0.30591682, 0.12584308, -0.30381256
-0.66570026, -0.28553116, 0.68938261
0.25143802, 0.95381936
# Number of Faces:
272
# Face Data:
0, 1, 2
3, 4, 5
6, 7, 8
9, 10, 11
12, 13, 14
15, 16, 17
18, 19, 20
21, 22, 23
24, 25, 26
27, 28, 29
30, 31, 32
33, 34, 35
36, 37, 38
39, 40, 41
42, 43, 44
45, 46, 47
48, 49, 50
51, 52, 53
54, 55, 56
57, 58, 59
60, 61, 62
63, 64, 65
66, 67, 68
65, 3, 63
59, 6, 57
53, 9, 51
47, 12, 45
69, 15, 70
71, 18, 72
73, 74, 75
76, 21, 77
62, 24, 60
56, 27, 54
50, 30, 48
41, 33, 39
78, 36, 79
80, 81, 42
82, 83, 0
84, 85, 86
87, 85, 88
89, 85, 90
91, 85, 92
93, 85, 94
95, 85, 96
97, 85, 98
99, 85, 100
70, 101, 69
79, 102, 78
72, 103, 71
80, 104, 105
74, 106, 107
108, 109, 110
111, 112, 113
111, 114, 115
111, 116, 117
118, 119, 120
121, 122, 123
124, 125, 126
127, 128, 129
130, 131, 132
133, 134, 135
136, 137, 138
68, 139, 140
77, 141, 76
75, 142, 73
66, 143, 144
82, 145, 146
111, 147, 148
1, 149, 2
4, 150, 5
7, 151, 8
10, 152, 11
13, 153, 14
16, 154, 17
19, 155, 20
23, 156, 157
25, 158, 26
28, 159, 29
31, 160, 32
34, 161, 35
37, 162, 38
163, 164, 165
43, 166, 44
167, 168, 169
170, 171, 172
173, 174, 175
176, 177, 178
179, 180, 181
182, 183, 184
185, 186, 187
188, 189, 190
150, 187, 186
180, 191, 181
152, 175, 174
153, 169, 168
154, 192, 193
155, 194, 195
196, 197, 198
157, 199, 200
158, 184, 183
177, 201, 178
160, 172, 171
161, 165, 164
162, 202, 203
204, 205, 206
207, 208, 209
210, 211, 212
213, 211, 214
215, 211, 216
217, 211, 218
219, 211, 220
221, 211, 222
223, 211, 224
225, 211, 226
227, 193, 192
228, 203, 202
229, 195, 194
230, 204, 206
106, 196, 107
231, 232, 233
234, 235, 236
237, 235, 238
235, 239, 238
240, 241, 242
243, 244, 245
246, 247, 248
249, 250, 251
252, 253, 254
255, 256, 257
258, 259, 260
139, 261, 140
262, 200, 199
263, 198, 197
264, 188, 190
265, 207, 209
266, 235, 267
0, 83, 1
3, 268, 4
6, 269, 7
9, 270, 10
12, 271, 13
15, 272, 16
18, 273, 19
21, 274, 22
24, 275, 25
27, 276, 28
30, 277, 31
33, 278, 34
36, 279, 37
39, 280, 40
42, 81, 43
45, 281, 46
48, 282, 49
51, 283, 52
54, 284, 55
57, 285, 58
60, 286, 61
63, 287, 64
66, 144, 67
65, 268, 3
59, 269, 6
53, 270, 9
47, 271, 12
69, 272, 15
71, 273, 18
73, 288, 74
76, 274, 21
62, 275, 24
56, 276, 27
50, 277, 30
41, 278, 33
78, 279, 36
80, 105, 81
82, 146, 83
84, 88, 85
87, 90, 85
89, 289, 85
91, 94, 85
93, 96, 85
95, 98, 85
97, 290, 85
99, 86, 85
70, 291, 101
79, 292, 102
72, 293, 103
80, 294, 104
74, 288, 106
108, 295, 109
111, 148, 112
111, 113, 114
111, 115, 116
118, 296, 119
121, 297, 122
124, 298, 125
127, 299, 128
130, 300, 131
133, 301, 134
136, 302, 137
68, 67, 139
77, 303, 141
75, 304, 142
66, 305, 143
82, 306, 145
111, 117, 147
1, 208, 149
4, 307, 150
7, 191, 151
10, 308, 152
13, 309, 153
16, 310, 154
19, 311, 155
23, 22, 156
25, 312, 158
28, 201, 159
31, 313, 160
34, 314, 161
37, 315, 162
163, 316, 164
43, 205, 166
167, 317, 168
170, 318, 171
173, 319, 174
176, 320, 177
179, 321, 180
182, 322, 183
185, 323, 186
188, 261, 189
150, 307, 187
180, 151, 191
152, 308, 175
153, 309, 169
154, 310, 192
155, 311, 194
196, 324, 197
157, 156, 199
158, 312, 184
177, 159, 201
160, 313, 172
161, 314, 165
162, 315, 202
204, 166, 205
207, 149, 208
210, 226, 211
213, 212, 211
215, 214, 211
217, 325, 211
219, 218, 211
221, 220, 211
223, 222, 211
225, 326, 211
227, 327, 193
228, 328, 203
229, 329, 195
230, 330, 204
106, 324, 196
231, 331, 232
234, 267, 235
237, 236, 235
235, 332, 239
240, 333, 241
243, 334, 244
246, 335, 247
249, 336, 250
252, 337, 253
255, 338, 256
258, 339, 259
139, 189, 261
262, 340, 200
263, 341, 198
264, 342, 188
265, 343, 207
266, 332, 235
