# Project Zomboid Skinned Mesh
# File Version:
1.0
# Model Name:
Vehicle_Wheel.15R CIV 2
# Vertex Stride Element Count:
3
# Vertex Stride Size (in bytes):
76
# Vertex Stride Data:
# (Int)    Offset
# (String) Type
0
VertexArray
12
NormalArray
24
TextureCoordArray
# Vertex Count:
802
# Vertex Buffer:
0.070872, 0.048835, -0.150299
0.42222357, 0.28009889, -0.86211735
0.38286453, 0.71421799
-0.071399, 0.09289, -0.12785199
-0.42222357, 0.53279215, -0.73335975
0.25756106, 0.27729398
0.070872, 0.09289, -0.12785199
0.42222357, 0.53279215, -0.73335975
0.25756189, 0.71421799
0.070872, -0.12785199, -0.09289
0.42222357, -0.73335975, -0.53279215
0.38286453, 0.71421799
-0.071399, -0.09289, -0.12785199
-0.42222357, -0.53279215, -0.73335975
0.25756106, 0.27729398
0.070872, -0.09289, -0.12785199
0.42222357, -0.53279215, -0.73335975
0.25756189, 0.71421799
0.070872, -0.158034, 0.0
0.42219305, -0.90649128, 0.0
0.38286453, 0.71421799
-0.071399, -0.150299, -0.048835
-0.42219305, -0.86211735, -0.28009889
0.25756022, 0.27729398
0.07087201, -0.150299, -0.048835
0.42222357, -0.86211735, -0.28009889
0.25756106, 0.71421799
0.070872, -0.048835, -0.150299
0.42222357, -0.28009889, -0.86211735
0.38286453, 0.71421799
-0.071399, 0.0, -0.158034
-0.42219305, 0.0, -0.90649128
0.25756106, 0.27729398
0.07087201, 0.0, -0.158034
0.42219305, 0.0, -0.90649128
0.25756189, 0.71421799
0.070872, 0.09289, 0.12785199
0.42222357, 0.53282267, 0.73335975
0.38286453, 0.71421799
-0.071399, 0.048835, 0.150299
-0.42219305, 0.28009889, 0.86211735
0.25756189, 0.27729398
0.07087201, 0.048835, 0.150299
0.42219305, 0.28009889, 0.86211735
0.25756106, 0.71421799
0.07087201, 0.150299, 0.048835
0.42219305, 0.86211735, 0.28009889
0.38286453, 0.71421799
-0.071399, 0.12785199, 0.09289
-0.42222357, 0.73335975, 0.53279215
0.25756106, 0.27729398
0.07087201, 0.12785199, 0.09289
0.42222357, 0.73335975, 0.53279215
0.25756106, 0.71421799
0.07087201, 0.158034, 0.0
0.42219305, 0.90649128, 0.0
0.38286453, 0.71421799
-0.071399, 0.150299, 0.048835
-0.42219305, 0.86211735, 0.28009889
0.25756106, 0.27729398
0.07087201, 0.150299, 0.048835
0.42219305, 0.86211735, 0.28009889
0.25756106, 0.71421799
0.07087201, 0.048835, 0.150299
0.42219305, 0.28009889, 0.86211735
0.38286453, 0.71421799
-0.071399, 0.0, 0.158034
-0.42219305, 0.0, 0.90649128
0.25756106, 0.27729398
0.07087201, 0.0, 0.158034
0.42219305, 0.0, 0.90649128
0.25756106, 0.71421799
0.070872, -0.048835, 0.150299
0.42222357, -0.28009889, 0.86211735
0.38286453, 0.71421799
-0.071399, -0.09289, 0.12785199
-0.42222357, -0.53279215, 0.73335975
0.25756106, 0.27729398
0.07087201, -0.09289, 0.12785199
0.42222357, -0.53279215, 0.73335975
0.25756106, 0.71421799
0.070872, 0.09289, 0.12785199
0.42222357, 0.53282267, 0.73335975
0.25756106, 0.71421799
-0.071399, 0.12785199, 0.09289
-0.42222357, 0.73335975, 0.53279215
0.38286453, 0.27729398
-0.071399, 0.09289, 0.12785199
-0.42222357, 0.53282267, 0.73335975
0.25756106, 0.27729398
0.070872, -0.09289, -0.12785199
0.42222357, -0.53279215, -0.73335975
0.38286531, 0.71421799
-0.071399, -0.048835, -0.150299
-0.42222357, -0.28009889, -0.86211735
0.25756106, 0.27729398
0.070872, -0.048835, -0.150299
0.42222357, -0.28009889, -0.86211735
0.25756189, 0.71421799
0.070872, -0.12785199, 0.09289
0.42222357, -0.73335975, 0.53282267
0.25756106, 0.71421799
-0.071399, -0.09289, 0.12785199
-0.42222357, -0.53279215, 0.73335975
0.38286453, 0.27729398
-0.071399, -0.12785199, 0.09289
-0.42222357, -0.73335975, 0.53282267
0.25756189, 0.27729398
0.070872, -0.12785199, 0.09289
0.42222357, -0.73335975, 0.53282267
0.38286453, 0.71421799
-0.071399, -0.150299, 0.048835
-0.42219305, -0.86211735, 0.28009889
0.25756106, 0.27729398
0.070872, -0.150299, 0.048835
0.42219305, -0.86211735, 0.28009889
0.25756106, 0.71421799
0.070872, -0.150299, 0.048835
0.42219305, -0.86211735, 0.28009889
0.38207603, 0.714205
-0.071399, -0.158034, 0.0
-0.42219305, -0.90649128, 0.0
0.25677255, 0.27727997
0.070872, -0.158034, 0.0
0.42219305, -0.90649128, 0.0
0.25756106, 0.71421799
0.07087201, 0.12785199, -0.09289
0.42222357, 0.73335975, -0.53279215
0.38286531, 0.71421799
-0.071399, 0.150299, -0.048835
-0.42219305, 0.86211735, -0.28009889
0.25756189, 0.27729398
0.07087201, 0.150299, -0.048835
0.42219305, 0.86211735, -0.28009889
0.25756189, 0.71421799
0.07087201, 0.0, -0.158034
0.42219305, 0.0, -0.90649128
0.38286531, 0.71421799
-0.071399, 0.048835, -0.150299
-0.42222357, 0.28009889, -0.86211735
0.25756106, 0.27729398
0.070872, 0.048835, -0.150299
0.42222357, 0.28009889, -0.86211735
0.25756189, 0.71421799
0.070872, 0.09289, -0.12785199
0.42222357, 0.53279215, -0.73335975
0.38286531, 0.71421799
-0.071399, 0.12785199, -0.09289
-0.42222357, 0.73335975, -0.53279215
0.25756106, 0.27729398
0.07087201, 0.12785199, -0.09289
0.42222357, 0.73335975, -0.53279215
0.25756189, 0.71421799
0.07087201, 0.0, 0.158034
0.42219305, 0.0, 0.90649128
0.38286453, 0.71421799
-0.071399, -0.048835, 0.150299
-0.42222357, -0.28009889, 0.86211735
0.25756106, 0.27729398
0.070872, -0.048835, 0.150299
0.42222357, -0.28009889, 0.86211735
0.25756106, 0.71421799
-0.071399, -0.150299, -0.048835
-0.42219305, -0.86211735, -0.28009889
0.2831175, 0.0730257
-0.081108, -0.117788, -0.085578
-0.95690787, -0.23490097, -0.17065951
0.42939371, 0.05381024
-0.071399, -0.12785199, -0.09289
-0.42222357, -0.73335975, -0.53279215
0.42536655, 0.02767003
-0.071399, 0.0, 0.158034
-0.42219305, 0.0, 0.90649128
0.16063169, 0.83901432
-0.081108, 0.044991, 0.138469
-0.95690787, 0.08972442, 0.276162
0.29471368, 0.90285018
-0.081108, 0.0, 0.145595
-0.95690787, 0.0, 0.29038361
0.1801025, 0.81959409
-0.071399, 0.150299, -0.048835
-0.42219305, 0.86211735, -0.28009889
0.92638969, 0.71766931
-0.081108, 0.117788, -0.085578
-0.95690787, 0.23490097, -0.17065951
0.94586396, 0.57153323
-0.081108, 0.138469, -0.044991
-0.95690787, 0.276162, -0.08972442
0.90228069, 0.7057302
-0.071399, -0.048835, -0.150299
-0.42222357, -0.28009889, -0.86211735
0.71721762, 0.07319617
-0.08110798, -0.085578, -0.117788
-0.95690787, -0.17065951, -0.23490097
0.57055259, 0.05424321
-0.081108, -0.044991, -0.138469
-0.95690787, -0.08972442, -0.276162
0.70526326, 0.09748781
-0.071399, 0.0, -0.158034
-0.42219305, 0.0, -0.90649128
0.83955938, 0.16128254
-0.08110798, 0.044991, -0.138469
-0.95690787, 0.08972442, -0.276162
0.90315717, 0.29571533
-0.071399, 0.048835, -0.150299
-0.42222357, 0.28009889, -0.86211735
0.92747182, 0.2837913
-0.071399, -0.12785199, 0.09289
-0.42222357, -0.73335975, 0.53282267
0.0272857, 0.42573828
-0.081108, -0.085578, 0.117788
-0.95690787, -0.17065951, 0.23490097
0.05384877, 0.57062739
-0.08110798, -0.117789, 0.085578
-0.95690787, -0.23490097, 0.17065951
0.05382186, 0.42959434
-0.08110798, 0.085578, -0.117788
-0.95690787, 0.17065951, -0.23490097
0.94617397, 0.43045479
-0.071399, 0.09289, -0.12785199
-0.42222357, 0.53279215, -0.73335975
0.97273999, 0.42664754
-0.071399, 0.150299, 0.048835
-0.42219305, 0.86211735, 0.28009889
0.71637088, 0.92714179
-0.08110798, 0.117788, 0.085578
-0.95690787, 0.23490097, 0.17065951
0.5702377, 0.94621703
-0.071399, 0.12785199, 0.09289
-0.42222357, 0.73335975, 0.53279215
0.57430315, 0.97233579
-0.071399, 0.048835, 0.150299
-0.42219305, 0.28009889, 0.86211735
0.28274184, 0.92709395
-0.08110798, 0.085578, 0.117789
-0.95690787, 0.17065951, 0.23490097
0.42923301, 0.94615945
-0.08110798, 0.0, -0.145595
-0.95690787, 0.0, -0.29038361
0.82004452, 0.18076956
-0.071399, 0.158034, 0.0
-0.42219305, 0.90649128, 0.0
0.83848512, 0.83956534
-0.08110798, 0.145595, 0.0
-0.95690787, 0.29038361, 0.0
0.81911314, 0.82013598
-0.081108, 0.138469, 0.044991
-0.95690787, 0.276162, 0.08972442
0.7045092, 0.90300128
-0.071399, -0.048835, 0.150299
-0.42222357, -0.28009889, 0.86211735
0.07298642, 0.71680903
-0.071399, -0.09289, 0.12785199
-0.42222357, -0.53279215, 0.73335975
0.02772558, 0.57471728
-0.071399, -0.158034, 0.0
-0.42219305, -0.90649128, 0.0
0.16085121, 0.16082501
-0.08110798, -0.138469, 0.044991
-0.95690787, -0.276162, 0.08972442
0.09706879, 0.29501837
-0.08110798, -0.145595, 0.0
-0.95690787, -0.29038361, 0.0
0.18030357, 0.18029404
-0.071399, -0.09289, -0.12785199
-0.42222357, -0.53279215, -0.73335975
0.57449162, 0.02767003
-0.071399, 0.09289, 0.12785199
-0.42222357, 0.53282267, 0.73335975
0.42535067, 0.97268915
-0.08110798, -0.044991, 0.138469
-0.95690787, -0.08972442, 0.276162
0.09714389, 0.70492357
-0.071399, -0.150299, 0.048835
-0.42219305, -0.86211735, 0.28009889
0.07280558, 0.28306532
0.07087201, 0.150299, -0.048835
0.42219305, 0.86211735, -0.28009889
0.38286531, 0.71421799
-0.071399, 0.158034, 0.0
-0.42219305, 0.90649128, 0.0
0.25756189, 0.27729398
0.07087201, 0.158034, 0.0
0.42219305, 0.90649128, 0.0
0.25756189, 0.71421799
-0.071399, 0.12785199, -0.09289
-0.42222357, 0.73335975, -0.53279215
0.97198212, 0.57568407
-0.071399, -0.12785199, -0.09289
-0.42222357, -0.73335975, -0.53279215
0.25756106, 0.27729398
0.07087201, -0.150299, -0.048835
0.42222357, -0.86211735, -0.28009889
0.38286453, 0.71421799
-0.071399, -0.150299, -0.048835
-0.42219305, -0.86211735, -0.28009889
0.38286453, 0.27729398
0.07087201, -0.150299, -0.048835
0.42222357, -0.86211735, -0.28009889
0.2831175, 0.0730257
0.08058099, -0.117788, -0.085578
0.95690787, -0.23490097, -0.17065951
0.42939371, 0.05381024
0.08058099, -0.138469, -0.044991
0.95690787, -0.276162, -0.08972442
0.29503435, 0.0972023
0.07087201, 0.0, 0.158034
0.42219305, 0.0, 0.90649128
0.16063169, 0.83901432
0.08058099, 0.044991, 0.138469
0.95690787, 0.08972442, 0.276162
0.29471368, 0.90285018
0.07087201, 0.048835, 0.150299
0.42219305, 0.28009889, 0.86211735
0.28274184, 0.92709395
0.070872, -0.158034, 0.0
0.42219305, -0.90649128, 0.0
0.16085121, 0.16082501
0.080581, -0.145595, 0.0
0.95690787, -0.29038361, 0.0
0.18030357, 0.18029404
0.07087201, 0.150299, -0.048835
0.42219305, 0.86211735, -0.28009889
0.92638969, 0.71766931
0.08058099, 0.117788, -0.085578
0.95690787, 0.23490097, -0.17065951
0.94586396, 0.57153323
0.07087201, 0.12785199, -0.09289
0.42222357, 0.73335975, -0.53279215
0.97198212, 0.57568407
0.070872, -0.048835, -0.150299
0.42222357, -0.28009889, -0.86211735
0.71721762, 0.07319617
0.08058099, -0.085578, -0.117788
0.95690787, -0.17065951, -0.23490097
0.57055259, 0.05424321
0.070872, -0.09289, -0.12785199
0.42222357, -0.53279215, -0.73335975
0.57449162, 0.02767003
0.07087201, 0.0, -0.158034
0.42219305, 0.0, -0.90649128
0.83955938, 0.16128254
0.080581, 0.044991, -0.138469
0.95690787, 0.08972442, -0.276162
0.90315717, 0.29571533
0.08058099, 0.0, -0.145595
0.95690787, 0.0, -0.29038361
0.82004452, 0.18076956
0.070872, -0.12785199, 0.09289
0.42222357, -0.73335975, 0.53282267
0.0272857, 0.42573828
0.080581, -0.085578, 0.117788
0.95690787, -0.17065951, 0.23490097
0.05384877, 0.57062739
0.07087201, -0.09289, 0.12785199
0.42222357, -0.53279215, 0.73335975
0.02772558, 0.57471728
0.070872, 0.048835, -0.150299
0.42222357, 0.28009889, -0.86211735
0.92747182, 0.2837913
0.08058099, 0.085578, -0.117788
0.95690787, 0.17065951, -0.23490097
0.94617397, 0.43045479
0.07087201, 0.150299, 0.048835
0.42219305, 0.86211735, 0.28009889
0.71637088, 0.92714179
0.080581, 0.117788, 0.085578
0.95690787, 0.23490097, 0.17065951
0.5702377, 0.94621703
0.080581, 0.138469, 0.044991
0.95690787, 0.276162, 0.08972442
0.7045092, 0.90300128
0.080581, 0.085578, 0.117789
0.95690787, 0.17065951, 0.23490097
0.42923301, 0.94615945
0.070872, 0.09289, 0.12785199
0.42222357, 0.53282267, 0.73335975
0.42535067, 0.97268915
0.08058099, -0.044991, -0.138469
0.95690787, -0.08972442, -0.276162
0.70526326, 0.09748781
0.07087201, 0.158034, 0.0
0.42219305, 0.90649128, 0.0
0.83848512, 0.83956534
0.080581, 0.145595, 0.0
0.95690787, 0.29038361, 0.0
0.81911314, 0.82013598
0.070872, -0.048835, 0.150299
0.42222357, -0.28009889, 0.86211735
0.07298642, 0.71680903
0.08058099, -0.044991, 0.138469
0.95690787, -0.08972442, 0.276162
0.09714389, 0.70492357
0.08058099, -0.138469, 0.044991
0.95690787, -0.276162, 0.08972442
0.09706879, 0.29501837
0.070872, -0.150299, 0.048835
0.42219305, -0.86211735, 0.28009889
0.07280558, 0.28306532
0.07426301, -0.098337, -0.031952
0.93398845, 0.33973205, 0.11044648
0.33949012, 0.18442839
0.07426301, 0.098337, -0.031952
0.93398845, -0.33976257, 0.1102939
0.81535912, 0.66125983
0.080581, 0.138469, -0.044991
0.95690787, 0.276162, -0.08972442
0.90228069, 0.7057302
0.07426301, -0.031952, -0.098337
0.93398845, 0.1102939, 0.33976257
0.66071045, 0.18475479
0.07426301, -0.060776, -0.08365
0.93398845, 0.20990631, 0.2890408
0.55535668, 0.15058964
0.07426301, -0.031952, 0.098337
0.93398845, 0.11044648, -0.33973205
0.18420178, 0.66056389
0.07426301, 0.103398, 0.0
0.93401897, -0.35718864, 0.0
0.75008374, 0.75092235
0.07426301, 0.0, 0.103398
0.93401897, 0.0, -0.35718864
0.2494221, 0.75036284
0.07426301, 0.031952, 0.098337
0.93398845, -0.1102939, -0.33976257
0.33929583, 0.81560704
0.07426301, 0.0, -0.103398
0.93401897, -9.156e-05, 0.35718864
0.7505827, 0.25007367
0.080581, 0.0, 0.145595
0.95690787, 0.0, 0.29038361
0.1801025, 0.81959409
0.07426301, -0.103398, 0.0
0.93398845, 0.35721916, 6.104e-05
0.24959454, 0.24962127
0.07426301, -0.098337, 0.031952
0.93398845, 0.33976257, -0.1102939
0.18437099, 0.33957529
0.06998406, 0.09272269, 0.03009039
0.93493456, -0.33747369, -0.10937834
0.59716231, 0.67588425
0.07426301, 0.103398, 0.0
0.93401897, -0.35718864, 0.0
0.65493751, 0.68852502
0.07426301, 0.098337, 0.031952
0.93398845, -0.33970153, -0.11044648
0.59506387, 0.68852502
0.069984, -0.09270117, 0.03015708
0.93493456, 0.33732107, -0.10986663
0.54385757, 0.34029979
0.07426301, -0.08365, 0.060776
0.93398845, 0.2890408, -0.20990631
0.4896552, 0.36403191
0.07426301, -0.098337, 0.031952
0.93398845, 0.33976257, -0.1102939
0.53812659, 0.32883799
0.07426301, 0.031952, 0.098337
0.93398845, -0.1102939, -0.33976257
0.45439056, 0.58636755
0.069984, 0.0, 0.097483
0.93493456, 0.0, -0.35474715
0.44853204, 0.52740225
0.06998403, 0.03015707, 0.09270117
0.93493456, -0.10983612, -0.33735159
0.46585545, 0.58062726
0.07426301, -0.060776, 0.08365
0.93398845, 0.21002838, -0.28894925
0.45442763, 0.41247642
0.069984, -0.07884485, 0.0573272
0.93493456, 0.28684348, -0.20871608
0.49864799, 0.3731643
0.069984, -0.05727083, 0.0788861
0.93493456, 0.20831935, -0.28717917
0.46580249, 0.41838598
0.070872, -0.12785199, -0.09289
0.42222357, -0.73335975, -0.53279215
0.42536655, 0.02767003
0.07087201, 0.12785199, 0.09289
0.42222357, 0.73335975, 0.53279215
0.57430315, 0.97233579
0.08058099, -0.117789, 0.085578
0.95690787, -0.23490097, 0.17065951
0.05382186, 0.42959434
0.07426301, 0.060776, -0.08365
0.93398845, -0.21002838, 0.28894925
0.79559612, 0.58640262
0.06998406, 0.07884481, -0.05732722
0.93493456, -0.28684348, 0.20871608
0.75137365, 0.62571347
0.06998406, 0.0572708, -0.0788861
0.93493456, -0.20831935, 0.28714865
0.78422129, 0.58049256
0.07426301, 0.0, 0.103398
0.93401897, 0.0, -0.35718864
0.4358592, 0.52937624
0.06998402, -0.03009077, 0.09272282
0.93493456, 0.10937834, -0.33747369
0.44853294, 0.47155958
0.07426301, -0.031952, 0.098337
0.93398845, 0.11044648, -0.33973205
0.43588638, 0.46945393
0.07426301, 0.08365, 0.060776
0.93398845, -0.28894925, -0.2100589
0.53809476, 0.67002675
0.069984, 0.057299, 0.078865
0.93493456, -0.20853297, -0.28699607
0.49871141, 0.62578562
0.06998405, 0.07888608, 0.05727081
0.93493456, -0.28714865, -0.20834987
0.54399592, 0.6586501
0.07426301, -0.098337, -0.031952
0.93398845, 0.33973205, 0.11044648
0.65495813, 0.31034529
0.06998402, -0.07888611, -0.05727081
0.93493456, 0.28717917, 0.20831935
0.70602763, 0.34021986
0.069984, -0.09272283, -0.03009076
0.93493456, 0.33747369, 0.10937834
0.65286005, 0.3229863
0.07426301, 0.031952, -0.098337
0.93401897, -0.11035493, 0.33970153
0.81413907, 0.52942705
0.069984, 0.030124, -0.092711
0.93493456, -0.10959197, 0.33738211
0.80148041, 0.5273833
0.07426301, -0.08365, -0.060776
0.93398845, 0.28894925, 0.21002838
0.7119289, 0.32884276
0.06998401, -0.05732722, -0.07884485
0.93493456, 0.20871608, 0.28684348
0.75127107, 0.37303787
0.069984, -0.09748302, 3.509e-05
0.93493456, 0.35474715, -0.00024415
0.59698945, 0.32301587
0.07426301, -0.103398, 0.0
0.93398845, 0.35721916, 6.104e-05
0.59508049, 0.31034625
0.07426301, -0.031952, -0.098337
0.93398845, 0.1102939, 0.33976257
0.79563951, 0.41250455
0.06998403, -3.51e-05, -0.097483
0.93493456, 0.00021363, 0.35474715
0.80148846, 0.47140956
0.06998403, -0.03015709, -0.09270117
0.93493456, 0.10986663, 0.33732107
0.78417331, 0.41824526
0.06998406, 0.09270115, -0.03015708
0.93493456, -0.33732107, 0.10983612
0.70616233, 0.65857619
0.07426301, 0.08365, -0.060776
0.93398845, -0.2890408, 0.20990631
0.76036656, 0.63484642
0.07426301, 0.098337, -0.031952
0.93398845, -0.33976257, 0.1102939
0.7118929, 0.67003849
0.069984, 0.097483, 0.0
0.93493456, -0.35474715, 0.0
0.65296608, 0.67586574
0.07426301, -0.060776, -0.08365
0.93398845, 0.20990631, 0.2890408
0.76039958, 0.36403704
0.07426301, 0.0, -0.103398
0.93401897, -9.156e-05, 0.35718864
0.81417298, 0.46949899
0.07426301, 0.060776, -0.08365
0.93398845, -0.21002838, 0.28894925
0.84971678, 0.4456768
0.07426301, -0.08365, -0.060776
0.93398845, 0.28894925, 0.21002838
0.44481426, 0.15035421
0.07426301, 0.060775, 0.08365
0.93398845, -0.20996734, -0.28897977
0.44467708, 0.84978512
0.07426301, 0.031952, -0.098337
0.93401897, -0.11035493, 0.33970153
0.81569505, 0.34016538
0.07426301, -0.08365, 0.060776
0.93398845, 0.2890408, -0.20990631
0.15018713, 0.44498008
0.07426301, 0.060775, 0.08365
0.93398845, -0.20996734, -0.28897977
0.48962748, 0.63482875
0.070872, 0.09289, -0.12785199
0.42222357, 0.53279215, -0.73335975
0.97273999, 0.42664754
0.07426301, 0.098337, 0.031952
0.93398845, -0.33970153, -0.11044648
0.66028893, 0.81599569
0.07426301, -0.060776, 0.08365
0.93398845, 0.21002838, -0.28894925
0.15016747, 0.55545473
0.07426301, 0.08365, 0.060776
0.93398845, -0.28894925, -0.2100589
0.5551759, 0.84991032
0.05004166, 0.02007648, 0.0276331
0.46012756, 0.52183598, 0.71828365
0.05116593, 0.86926562
0.04532447, 0.01179679, 0.03630226
0.95846432, 0.08810694, 0.27118748
0.02992084, 0.87947308
0.05004166, 0.01055457, 0.03248476
0.46012756, 0.27433088, 0.8443861
0.04001039, 0.88462341
0.06593066, 0.02193713, -0.01594081
0.92703027, 0.30332348, -0.22040467
0.11812119, 0.88845548
0.06593066, 0.0257896, -0.00838197
0.92703027, 0.35660878, -0.11587878
0.10961972, 0.88218333
0.06929126, -1e-08, -0.0
0.99996948, 0.0, 0.0
0.09406976, 0.91215909
0.05004165, -0.03415605, -1.1e-07
0.46012756, -0.8878445, 0.0
0.08458729, 0.97208036
0.04532446, -0.036303, -0.01179419
0.95846432, -0.27118748, -0.08807642
0.10533213, 0.98326731
0.05004165, -0.03248444, -0.01055513
0.46012756, -0.8443861, -0.27433088
0.10356817, 0.97207813
0.05829048, 0.07752235, -0.0251898
0.72624898, -0.65379804, 0.21231727
0.70139921, 0.64951578
0.06507264, 0.08579489, -3.018e-05
0.74214911, -0.67018646, 0.00030519
0.65308505, 0.67604405
0.05829048, 0.08151214, -1.51e-06
0.72624898, -0.68739891, -9.156e-05
0.65130657, 0.66577294
0.05004168, 0.03248476, -0.01055458
0.46012756, 0.8443861, -0.27433088
0.12160437, 0.85810025
0.06320798, 0.03108259, -1.02e-06
0.54780722, 0.83657336, 0.0
0.10052943, 0.87277117
0.06320798, 0.02956096, -0.009606
0.54780722, 0.79564804, -0.2585223
0.11238472, 0.87669501
0.06507258, -0.0857949, 3.017e-05
0.74214911, 0.67018646, -0.00030519
0.5968219, 0.32211548
0.06984993, -0.08994485, -0.0291887
0.96874905, 0.23584704, 0.0765099
0.65318853, 0.32096004
0.0650726, -0.08160526, -0.02648356
0.74217963, 0.6374706, 0.20679343
0.65297544, 0.32208216
0.05829048, 0.07752235, -0.0251898
0.72624898, -0.65379804, 0.21231727
0.70052361, 0.64779544
0.05084603, 0.06686398, -2.53e-06
0.9416486, -0.33655813, 0.0
0.64600766, 0.63102931
0.05084603, 0.06359065, -0.02066465
0.9416486, -0.32007813, 0.10400708
0.6856038, 0.61810526
0.04532448, 0.03630226, -0.0117968
0.95846432, 0.27118748, -0.08810694
0.65899575, 0.56628144
0.06998406, 0.09270115, -0.03015708
0.93493456, -0.33732107, 0.10983612
0.70943296, 0.66498953
0.06985, 0.09456271, -3.433e-05
0.96874905, -0.24793237, 0.00012207
0.65327525, 0.67745581
0.06985, 0.08992355, -0.02925401
0.96874905, -0.23578601, 0.07669301
0.70688969, 0.66002071
0.06593066, 0.02711728, -2.24e-06
0.92703027, 0.37495041, -3.052e-05
0.09959548, 0.87884578
0.06593066, 0.01594079, 0.02193713
0.92703027, 0.22040467, 0.30332348
0.07036634, 0.88810766
0.06593066, 0.00838196, 0.0257896
0.92703027, 0.11587878, 0.35660878
0.06409401, 0.89660931
0.06507263, 0.08160524, 0.02648356
0.74217963, -0.6374706, -0.20679343
0.59715933, 0.67607635
0.05829048, 0.07752299, 0.02518724
0.7262795, -0.65370649, -0.21250038
0.59864634, 0.66575453
0.05004168, 0.03415605, 9e-08
0.46012756, 0.8878445, 0.0
0.10355243, 0.85223782
0.06320798, 0.02956158, 0.00960403
0.54780722, 0.79564804, 0.25849178
0.08804184, 0.87270263
0.06507264, 0.06939188, -0.05045324
0.74214911, -0.54200876, 0.39417708
0.75203836, 0.6263327
0.06985, 0.08992355, -0.02925401
0.96874905, -0.23578601, 0.07669301
0.70708752, 0.66040874
0.06507264, 0.08158648, -0.0265406
0.74214911, -0.6372875, 0.20737328
0.70659721, 0.65937802
0.05829048, 0.08151214, -1.51e-06
0.72624898, -0.68739891, -9.156e-05
0.65100515, 0.66386625
0.05084603, 0.06359193, 0.0206599
0.9416486, -0.32007813, -0.10397656
0.60437053, 0.6310665
0.04532448, 0.03817087, -1.57e-06
0.95846432, 0.28513443, 0.0
0.63670433, 0.57352221
0.069984, 0.097483, 0.0
0.93493456, -0.35474715, 0.0
0.65409291, 0.68297583
0.06984998, 0.08994483, 0.0291887
0.96874905, -0.23584704, -0.07654043
0.59690171, 0.67748094
0.06593066, 0.02579075, 0.0083775
0.92703027, 0.35660878, 0.11581774
0.08903072, 0.87876885
0.04532448, 0.03817087, -1.57e-06
0.95846432, 0.28513443, 0.0
0.10533231, 0.84105097
0.04532448, 0.03630226, -0.0117968
0.95846432, 0.27118748, -0.08810694
0.12675416, 0.84801105
0.05829048, 0.07752299, 0.02518724
0.7262795, -0.65370649, -0.21250038
0.5989486, 0.66384804
0.05084603, 0.0540955, 0.03929976
0.9416486, -0.27228615, -0.19779046
0.56465, 0.6182211
0.04532448, 0.03088186, 0.02243523
0.95846432, 0.23068941, 0.16757713
0.59090614, 0.5662294
0.04532448, 0.036303, 0.01179417
0.95846432, 0.27118748, 0.08807642
0.61323512, 0.57353604
0.06998406, 0.09272269, 0.03009039
0.93493456, -0.33747369, -0.10937834
0.59604025, 0.68299508
0.06984998, 0.07652313, 0.05555472
0.96874905, -0.2006592, -0.14566484
0.5432542, 0.66008717
0.0650726, 3.017e-05, 0.08579489
0.74214911, -0.00030519, -0.67018646
0.44765639, 0.52763185
0.06984995, -0.02918872, 0.08994483
0.96874905, 0.0765099, -0.23584704
0.44650811, 0.47123325
0.0650726, -0.02648357, 0.08160524
0.74217963, 0.20679343, -0.6374706
0.44763502, 0.47145259
0.06593066, 0.02193962, 0.01593741
0.92703027, 0.303354, 0.22034363
0.07895888, 0.88196021
0.05004165, -0.01055513, 0.03248444
0.46012756, -0.27433088, 0.8443861
0.03414992, 0.92165811
0.04532446, -0.02243523, 0.03088186
0.95846432, -0.16757713, 0.23068941
0.02992155, 0.94484536
0.05004165, -0.02007679, 0.02763298
0.46012756, -0.5218665, 0.71825314
0.04001826, 0.93970934
0.06593066, -2.24e-06, -0.02711729
0.92703027, -3.052e-05, -0.37495041
0.12738341, 0.9176847
0.06593066, -0.00838198, -0.02578961
0.92703027, -0.11587878, -0.35660878
0.1240457, 0.92770895
0.06507263, 0.06942731, 0.05040466
0.74217963, -0.54237497, -0.39365825
0.54392767, 0.65882558
0.05829047, 0.06594532, 0.04791053
0.72624898, -0.55604726, -0.40412611
0.54852194, 0.64946312
0.05004167, 0.03248444, 0.01055511
0.46012756, 0.8443861, 0.27433088
0.08457154, 0.85223995
0.06320798, 0.02514691, 0.01826894
0.54780722, 0.67680901, 0.49171424
0.07614414, 0.87649659
0.04532446, -0.03087997, 0.02243753
0.95846432, -0.23068941, 0.16760765
0.04316221, 0.96306755
0.05004165, -0.02763311, 0.02007647
0.46012756, -0.71828365, 0.52183598
0.05117738, 0.95506338
0.06593066, -0.02193964, -0.01593743
0.92703027, -0.303354, -0.22037415
0.10918083, 0.94235813
0.06593066, -0.01594081, -0.02193715
0.92703027, -0.22040467, -0.30332348
0.11777338, 0.93621051
0.0650726, 0.05045323, 0.06939188
0.74214911, -0.39417708, -0.54200876
0.49864209, 0.62597722
0.05829046, 0.04791268, 0.06594386
0.72624898, -0.403943, -0.55616933
0.50591242, 0.61849523
0.05004167, 0.02763298, 0.02007677
0.46012756, 0.71825314, 0.5218665
0.0665205, 0.85810739
0.06320798, 0.01827058, 0.0251457
0.54780722, 0.49174476, 0.67677844
0.06600092, 0.88378143
0.06507264, 0.08579489, -3.018e-05
0.74214911, -0.67018646, 0.00030519
0.65319836, 0.67675668
0.06984998, 0.08994483, 0.0291887
0.96874905, -0.23584704, -0.07654043
0.59683383, 0.67791116
0.06507263, 0.08160524, 0.02648356
0.74217963, -0.6374706, -0.20679343
0.59704691, 0.67678916
0.05829047, 0.06594532, 0.04791053
0.72624898, -0.55604726, -0.40412611
0.54939872, 0.64774337
0.05084601, 0.03930344, 0.05409265
0.9416486, -0.19782098, -0.27225563
0.53093374, 0.59378701
0.06998405, 0.07888608, 0.05727081
0.93493456, -0.28714865, -0.20834987
0.54073125, 0.66506642
0.06984998, 0.05561033, 0.07648226
0.96874905, -0.14584796, -0.20050661
0.49760771, 0.62696826
0.06593066, 0.01593741, -0.02193964
0.92703027, 0.22037415, -0.303354
0.12426882, 0.89704821
0.06507261, 0.02654059, 0.08158649
0.74214911, -0.20737328, -0.6372875
0.46570045, 0.58072391
0.05829045, 0.02518979, 0.07752235
0.72624898, -0.21231727, -0.65379804
0.47492275, 0.57584667
0.06320796, 0.00960598, 0.02956096
0.5477767, 0.2585223, 0.79564804
0.05860534, 0.89384378
0.06984998, 0.07652313, 0.05555472
0.96874905, -0.2006592, -0.14566484
0.54305667, 0.66047531
0.05829046, 0.04791268, 0.06594386
0.72624898, -0.403943, -0.55616933
0.50727767, 0.61713046
0.05084601, 0.02066464, 0.06359065
0.9416486, -0.10400708, -0.32007813
0.50633788, 0.56003964
0.04532447, 0.01179679, 0.03630226
0.95846432, 0.08810694, 0.27118748
0.55816609, 0.53342238
0.04532447, 0.02243754, 0.03087996
0.95846432, 0.16760765, 0.23068941
0.57192945, 0.55245382
0.069984, 0.057299, 0.078865
0.93493456, -0.20853297, -0.28699607
0.4936218, 0.63087749
0.06984996, 0.029254, 0.08992357
0.96874905, -0.07669301, -0.23578601
0.46441203, 0.58135214
0.05004166, -0.02007649, -0.02763312
0.46012756, -0.52183598, -0.71828365
0.1369738, 0.95505237
0.04532447, -0.0117968, -0.03630227
0.95846432, -0.08810694, -0.27118748
0.15821886, 0.9448451
0.05004166, -0.01055458, -0.03248477
0.46012756, -0.27433088, -0.8443861
0.14812934, 0.93969467
0.050846, 2.51e-06, 0.06686397
0.9416486, 0.0, -0.33655813
0.49340612, 0.52043587
0.06998403, 0.03015707, 0.09270117
0.93493456, -0.10983612, -0.33735159
0.45944175, 0.58389926
0.06984995, 3.433e-05, 0.09456272
0.96874905, -0.00012207, -0.24793237
0.44694734, 0.52771032
0.06507263, 0.05040465, -0.06942731
0.74217963, -0.39365825, 0.54237497
0.78504235, 0.58087945
0.06985, 0.07648226, -0.05561034
0.96874905, -0.20053713, 0.14581744
0.75282109, 0.62716892
0.06593066, 2.22e-06, 0.02711729
0.92703027, 3.052e-05, 0.37495041
0.0607563, 0.90663356
0.04532448, 0.036303, 0.01179417
0.95846432, 0.27118748, 0.08807642
0.08280741, 0.84105097
0.06593066, 0.00837785, -0.02579088
0.92703027, 0.11581774, -0.35660878
0.12746052, 0.90711951
0.0650726, 3.017e-05, 0.08579489
0.74214911, -0.00030519, -0.67018646
0.44836923, 0.52751854
0.05829044, 1.5e-06, 0.08151215
0.72624898, 9.156e-05, -0.68739891
0.45864928, 0.52573827
0.06320797, 1.01e-06, 0.03108259
0.54780722, 0.0, 0.83660388
0.05468131, 0.90569942
0.05829045, 0.02518979, 0.07752235
0.72624898, -0.21231727, -0.65379804
0.4766432, 0.57497081
0.06593065, -0.0271173, 2.22e-06
0.92703027, -0.37495041, 3.052e-05
0.08854424, 0.94547238
0.06593065, -0.02579089, -0.00837787
0.92703027, -0.35660878, -0.11581774
0.09910935, 0.94554967
0.04532447, -1.57e-06, -0.03817088
0.95846432, 0.0, -0.28513443
0.16518039, 0.92342198
0.05004166, 1e-07, -0.03415606
0.46012756, 0.0, -0.8878445
0.15399247, 0.92164193
0.0650726, -0.02648357, 0.08160524
0.74217963, 0.20679343, -0.6374706
0.44834796, 0.47156507
0.05829044, -0.02518725, 0.07752299
0.7262795, 0.21250038, -0.65370649
0.45867491, 0.47305715
0.05004166, -1e-07, 0.03415605
0.46012756, 0.0, 0.8878445
0.03414706, 0.90267643
0.06320797, -0.00960405, 0.02956158
0.5477767, -0.25849178, 0.79564804
0.05461314, 0.91818728
0.06507258, -0.0815865, 0.02654059
0.74214911, 0.6372875, -0.20737328
0.54342353, 0.33949757
0.06984993, -0.09456273, 3.432e-05
0.96874905, 0.24796289, -6.104e-05
0.59667611, 0.32098562
0.05829044, 1.5e-06, 0.08151215
0.72624898, 9.156e-05, -0.68739891
0.46055627, 0.52543679
0.050846, -0.0206599, 0.06359193
0.9416486, 0.10397656, -0.32007813
0.49337193, 0.47878909
0.04532447, 1.56e-06, 0.03817087
0.95846432, 0.0, 0.28513443
0.55092371, 0.51113039
0.069984, 0.0, 0.097483
0.93493456, 0.0, -0.35474715
0.4414202, 0.52852932
0.06984995, -0.02918872, 0.08994483
0.96874905, 0.0765099, -0.23584704
0.4469384, 0.47130126
0.06593066, -0.00837788, 0.02579087
0.92703027, -0.11581774, 0.35660878
0.06067901, 0.91719867
0.0650726, -0.05040468, 0.06942731
0.74217963, 0.39365825, -0.54237497
0.46562505, 0.4183262
0.05829043, -0.04791055, 0.06594533
0.72624898, 0.40412611, -0.55604726
0.47498667, 0.42292684
0.06320797, -0.01826895, 0.02514691
0.54780722, -0.49171424, 0.67680901
0.05840728, 0.93008488
0.06984996, -0.02925401, -0.08992356
0.96874905, 0.07669301, 0.23578601
0.78600532, 0.41732264
0.0650726, -0.05045324, -0.06939188
0.74214911, 0.39417708, 0.54200876
0.75189507, 0.37238199
0.06984995, -0.05561034, -0.07648226
0.96874905, 0.14581744, 0.20053713
0.75272763, 0.3715924
0.05829044, -0.02518725, 0.07752299
0.7262795, 0.21250038, -0.65370649
0.46058163, 0.47335953
0.05084599, -0.03929977, 0.05409549
0.9416486, 0.19779046, -0.27228615
0.50622749, 0.43906581
0.04532446, -0.02243523, 0.03088186
0.95846432, -0.16757713, 0.23068941
0.55821872, 0.46533042
0.04532446, -0.01179418, 0.03630299
0.95846432, -0.08807642, 0.27118748
0.55091023, 0.48765951
0.06998402, -0.03009077, 0.09272282
0.93493456, 0.10937834, -0.33747369
0.44142115, 0.47043622
0.06984993, -0.05555473, 0.07652315
0.96874905, 0.14566484, -0.2006592
0.46436524, 0.41764569
0.06593065, -0.01593743, 0.02193962
0.92703027, -0.22037415, 0.303354
0.06387073, 0.92727006
0.05084599, -0.05409267, 0.03930344
0.9416486, 0.27225563, -0.19782098
0.53067034, 0.40535516
0.069984, -0.05727083, 0.0788861
0.93493456, 0.20831935, -0.28717917
0.45938665, 0.41511971
0.06984993, -0.07648227, 0.05561034
0.96874905, 0.20053713, -0.14581744
0.49750915, 0.37201679
0.06593065, -0.02193714, 0.01594079
0.92703027, -0.30332348, 0.22040467
0.07001852, 0.93586251
0.05004167, 0.02007679, -0.027633
0.46012756, 0.5218665, -0.71825314
0.14812145, 0.88460875
0.04532448, 0.03087997, -0.02243755
0.95846432, 0.23068941, -0.16760765
0.14497748, 0.86125064
0.05004168, 0.02763312, -0.02007649
0.46012756, 0.71828365, -0.52183598
0.13696234, 0.86925489
0.06507258, -0.06939188, 0.05045323
0.74214911, 0.54200876, -0.39417708
0.49849442, 0.37305486
0.05829043, -0.06594387, 0.04791268
0.72624898, 0.55616933, -0.403943
0.50597107, 0.38032854
0.06320797, -0.02514571, 0.01827058
0.54780722, -0.67677844, 0.49174476
0.06569229, 0.94022793
0.05829043, -0.04791055, 0.06594533
0.72624898, 0.40412611, -0.55604726
0.47670639, 0.42380387
0.05004165, -0.02763299, -0.02007679
0.46012756, -0.71825314, -0.5218665
0.12161922, 0.96621078
0.04532447, -0.02243754, -0.03087998
0.95846432, -0.16760765, -0.23068941
0.14497769, 0.96306817
0.06593065, -0.02578961, 0.00838196
0.92703027, -0.35660878, 0.11587878
0.07852, 0.94213466
0.06507258, -0.0815865, 0.02654059
0.74214911, 0.6372875, -0.20737328
0.54375148, 0.34014034
0.05829043, -0.07752237, 0.02518979
0.72624898, 0.65379804, -0.21231727
0.54862213, 0.34935957
0.06320797, -0.02956096, 0.00960598
0.5477767, -0.79564804, 0.2585223
0.07575482, 0.94762325
0.06984993, -0.05555473, 0.07652315
0.96874905, 0.14566484, -0.2006592
0.4639771, 0.41744804
0.0650726, -0.05040468, 0.06942731
0.74217963, 0.39365825, -0.54237497
0.46498185, 0.41799885
0.05829043, -0.06594387, 0.04791268
0.72624898, 0.55616933, -0.403943
0.5073356, 0.38169384
0.05084599, -0.06359065, 0.02066464
0.9416486, 0.32007813, -0.10400708
0.56441855, 0.38076973
0.04532446, -0.03630226, 0.01179679
0.95846432, -0.27118748, 0.08810694
0.59102798, 0.43259299
0.04532446, -0.03087997, 0.02243753
0.95846432, -0.23068941, 0.16760765
0.57199633, 0.44635463
0.069984, -0.07884485, 0.0573272
0.93493456, 0.28684348, -0.20871608
0.49355581, 0.36807561
0.06984994, -0.08992358, 0.029254
0.96874905, 0.23578601, -0.07669301
0.54313076, 0.33885521
0.06507258, -0.0857949, 3.017e-05
0.74214911, 0.67018646, -0.00030519
0.59693521, 0.32282817
0.05829043, -0.08151214, 1.5e-06
0.72624898, 0.68739891, 9.156e-05
0.59871435, 0.33309978
0.05004165, -0.03248476, 0.01055456
0.46012756, -0.8443861, 0.27433088
0.06653517, 0.96621794
0.06320797, -0.0310826, 1.01e-06
0.54780722, -0.83660388, 0.0
0.08761029, 0.9515471
0.06507261, 0.02654059, 0.08158649
0.74214911, -0.20737328, -0.6372875
0.46505755, 0.58105195
0.06984995, 3.433e-05, 0.09456272
0.96874905, -0.00012207, -0.24793237
0.44651711, 0.52777863
0.05829043, -0.07752237, 0.02518979
0.72624898, 0.65379804, -0.21231727
0.54949778, 0.35107988
0.05084599, -0.06686398, 2.51e-06
0.9416486, 0.33655813, 0.0
0.60401458, 0.36784422
0.069984, -0.09270117, 0.03015708
0.93493456, 0.33732107, -0.10986663
0.54058731, 0.33388668
0.06984993, -0.09456273, 3.432e-05
0.96874905, 0.24796289, -6.104e-05
0.59674442, 0.32141578
0.04532446, -0.03630226, 0.01179679
0.95846432, -0.27118748, 0.08810694
0.06138555, 0.97630703
0.069984, -0.09748302, 3.509e-05
0.93493456, 0.35474715, -0.00024415
0.59586042, 0.31590623
0.06984993, -0.08994485, -0.0291887
0.96874905, 0.23584704, 0.0765099
0.65312058, 0.32139027
0.0650726, -3.018e-05, -0.0857949
0.74214911, 0.00030519, 0.67018646
0.80237329, 0.47124356
0.06984998, 0.02918869, -0.08994484
0.96874905, -0.07647938, 0.23584704
0.8035174, 0.52764606
0.06507263, 0.02648356, -0.08160526
0.74217963, -0.20679343, 0.6374706
0.80239093, 0.52742597
0.04532446, -0.01179418, 0.03630299
0.95846432, -0.08807642, 0.27118748
0.02296021, 0.92342278
0.0650726, -0.08160526, -0.02648356
0.74217963, 0.6374706, 0.20679343
0.65286309, 0.32279497
0.05829043, -0.07752301, -0.02518725
0.7262795, 0.65370649, 0.21250038
0.65137625, 0.33311707
0.06320797, -0.0295616, -0.00960404
0.5477767, -0.79564804, -0.25849178
0.10009788, 0.95161553
0.05829043, -0.08151214, 1.5e-06
0.72624898, 0.68739891, 9.156e-05
0.59901577, 0.33500648
0.05084599, -0.06359194, -0.02065991
0.9416486, 0.32007813, 0.10397656
0.64565259, 0.36780602
0.04532446, -0.03817087, 1.56e-06
0.95846432, -0.28513443, 0.0
0.6133194, 0.42535162
0.0650726, -0.0694273, -0.05040467
0.74217963, 0.54237497, 0.39365825
0.70609665, 0.34004486
0.05829044, -0.06594533, -0.04791054
0.72624898, 0.55604726, 0.40412611
0.70150256, 0.34940785
0.06320797, -0.02514693, -0.01826895
0.54780722, -0.67683953, -0.49171424
0.11199558, 0.94782167
0.06984993, -0.07648227, 0.05561034
0.96874905, 0.20053713, -0.14581744
0.49720109, 0.37170887
0.06507258, -0.06939188, 0.05045323
0.74214911, 0.54200876, -0.39417708
0.49798384, 0.37254488
0.05829043, -0.07752301, -0.02518725
0.7262795, 0.65370649, 0.21250038
0.65107405, 0.33502358
0.050846, -0.0540955, -0.03929976
0.9416486, 0.27228615, 0.19779046
0.68537456, 0.38065088
0.04532446, -0.03088187, -0.02243524
0.95846432, -0.23068941, -0.16757713
0.65911841, 0.43264401
0.04532446, -0.036303, -0.01179419
0.95846432, -0.27118748, -0.08807642
0.63678896, 0.42533761
0.069984, -0.09272283, -0.03009076
0.93493456, 0.33747369, 0.10937834
0.65398258, 0.31587547
0.06984995, -0.07652316, -0.05555473
0.96874905, 0.2006592, 0.14566484
0.70677, 0.33878297
0.06320797, -0.01827059, -0.02514571
0.54780722, -0.49174476, -0.67677844
0.1221388, 0.94053683
0.0650726, 0.05045323, 0.06939188
0.74214911, -0.39417708, -0.54200876
0.49813208, 0.62648785
0.06984996, 0.029254, 0.08992357
0.96874905, -0.07669301, -0.23578601
0.46402398, 0.58155006
0.05829044, -0.06594533, -0.04791054
0.72624898, 0.55604726, 0.40412611
0.70062578, 0.35112762
0.050846, -0.03930344, -0.05409266
0.9416486, 0.19782098, 0.27225563
0.71909207, 0.40508503
0.06998402, -0.07888611, -0.05727081
0.93493456, 0.28717917, 0.20831935
0.70929277, 0.33380353
0.06984995, -0.05561034, -0.07648226
0.96874905, 0.14581744, 0.20053713
0.75241977, 0.37190062
0.04532448, 0.03088186, 0.02243523
0.95846432, 0.23068941, 0.16757713
0.06138519, 0.84801069
0.0650726, -0.05045324, -0.06939188
0.74214911, 0.39417708, 0.54200876
0.75138509, 0.37289268
0.05829044, -0.0479127, -0.06594386
0.72624898, 0.403943, 0.55616933
0.74411422, 0.3803755
0.06984995, -0.07652316, -0.05555473
0.96874905, 0.2006592, 0.14566484
0.70696759, 0.33839476
0.0650726, -0.0694273, -0.05040467
0.74217963, 0.54237497, 0.39365825
0.70642388, 0.33940166
0.04532447, 0.02243754, 0.03087996
0.95846432, 0.16760765, 0.23068941
0.04316185, 0.86125009
0.06507261, -0.02654061, -0.0815865
0.74214911, 0.20737328, 0.6372875
0.7843284, 0.41814888
0.05829045, -0.0251898, -0.07752236
0.72624898, 0.21231727, 0.65379804
0.77510554, 0.4230262
0.06320796, -0.009606, -0.02956096
0.5477767, -0.2585223, -0.79564804
0.12953436, 0.9304743
0.05829044, -0.0479127, -0.06594386
0.72624898, 0.403943, 0.55616933
0.74274898, 0.38174027
0.05084601, -0.02066464, -0.06359065
0.9416486, 0.10400708, 0.32007813
0.74368906, 0.43883389
0.04532447, -0.0117968, -0.03630227
0.95846432, -0.08810694, -0.27118748
0.69185919, 0.4654516
0.04532447, -0.02243754, -0.03087998
0.95846432, -0.16760765, -0.23068941
0.67809552, 0.44641978
0.06998401, -0.05732722, -0.07884485
0.93493456, 0.20871608, 0.28684348
0.75635952, 0.36794412
0.06984996, -0.02925401, -0.08992356
0.96874905, 0.07669301, 0.23578601
0.78561723, 0.41752058
0.04532448, 0.01179417, -0.036303
0.95846432, 0.08807642, -0.27118748
0.16517933, 0.90089548
0.05004167, 0.01055511, -0.03248445
0.46012756, 0.27433088, -0.8443861
0.15398979, 0.90266015
0.0650726, -3.018e-05, -0.0857949
0.74214911, 0.00030519, 0.67018646
0.80166042, 0.47135693
0.05829046, -1.51e-06, -0.08151215
0.72624898, -9.156e-05, 0.68739891
0.79137945, 0.47313696
0.06320798, -1.02e-06, -0.0310826
0.54780722, 0.0, -0.83657336
0.13345823, 0.91861874
0.05829045, -0.0251898, -0.07752236
0.72624898, 0.21231727, 0.65379804
0.77338505, 0.42390209
0.05084601, -2.52e-06, -0.06686398
0.9416486, 0.0, 0.33655813
0.75662088, 0.47843915
0.06998403, -0.03015709, -0.09270117
0.93493456, 0.10986663, 0.33732107
0.79058772, 0.41497332
0.06984998, -3.434e-05, -0.09456272
0.96874905, 6.104e-05, 0.24793237
0.80308354, 0.47116494
0.06984998, 0.0555547, -0.07652315
0.96874905, -0.14566484, 0.2006592
0.78604728, 0.58143055
0.05829046, -1.51e-06, -0.08151215
0.72624898, -9.156e-05, 0.68739891
0.7894724, 0.47343844
0.05084603, 0.02065991, -0.06359194
0.9416486, -0.10397656, 0.32007813
0.75665367, 0.52008727
0.04532447, -1.57e-06, -0.03817088
0.95846432, 0.0, -0.28513443
0.69910163, 0.48774409
0.06998403, -3.51e-05, -0.097483
0.93493456, 0.00021363, 0.35474715
0.80860066, 0.47028011
0.06984998, 0.02918869, -0.08994484
0.96874905, -0.07647938, 0.23584704
0.80308712, 0.52757806
0.04532446, -0.03088187, -0.02243524
0.95846432, -0.23068941, -0.16757713
0.12675454, 0.97630739
0.06507263, 0.02648356, -0.08160526
0.74217963, -0.20679343, 0.6374706
0.801678, 0.52731347
0.05829047, 0.02518725, -0.07752301
0.7262795, -0.21250038, 0.65370649
0.79135084, 0.52582073
0.06320798, 0.00960403, -0.02956159
0.5477767, 0.25849178, -0.79564804
0.13352656, 0.9061308
0.04532446, -0.03817087, 1.56e-06
0.95846432, -0.28513443, 0.0
0.08280741, 0.98326731
0.06507263, 0.06942731, 0.05040466
0.74217963, -0.54237497, -0.39365825
0.54360044, 0.6594688
0.06984998, 0.05561033, 0.07648226
0.96874905, -0.14584796, -0.20050661
0.49729985, 0.62727642
0.06507263, 0.05040465, -0.06942731
0.74217963, -0.39365825, 0.54237497
0.78439915, 0.5805521
0.05829048, 0.04791053, -0.06594533
0.72624898, -0.40412611, 0.55604726
0.77503759, 0.57595104
0.06320798, 0.01826894, -0.02514692
0.54780722, 0.49171424, -0.67680901
0.12973242, 0.89423328
0.06984994, -0.08992358, 0.029254
0.96874905, 0.23578601, -0.07669301
0.54293287, 0.33846712
0.05829047, 0.02518725, -0.07752301
0.7262795, -0.21250038, 0.65370649
0.78944415, 0.5255183
0.05084603, 0.03929976, -0.0540955
0.9416486, -0.19779046, 0.27228615
0.74379689, 0.55981085
0.04532448, 0.02243524, -0.03088187
0.95846432, 0.16757713, -0.23068941
0.69180584, 0.53354454
0.04532448, 0.01179417, -0.036303
0.95846432, 0.08807642, -0.27118748
0.69911474, 0.51121539
0.069984, 0.030124, -0.092711
0.93493456, -0.10959197, 0.33738211
0.80859232, 0.52850959
0.06984998, 0.0555547, -0.07652315
0.96874905, -0.14566484, 0.2006592
0.78565907, 0.58123294
0.06507264, 0.06939188, -0.05045324
0.74214911, -0.54200876, 0.39417708
0.75152779, 0.62582272
0.05829048, 0.06594386, -0.04791269
0.72624898, -0.55616933, 0.403943
0.74405152, 0.61854851
0.06320798, 0.0251457, -0.01827059
0.54780722, 0.67677844, -0.49174476
0.12244743, 0.88409042
0.06985, 0.09456271, -3.433e-05
0.96874905, -0.24793237, 0.00012207
0.65334356, 0.67788595
0.05829048, 0.04791053, -0.06594533
0.72624898, -0.40412611, 0.55604726
0.77331787, 0.57507396
0.05084603, 0.05409265, -0.03930345
0.9416486, -0.27225563, 0.19782098
0.71935284, 0.59352079
0.06998406, 0.0572708, -0.0788861
0.93493456, -0.20831935, 0.28714865
0.79063761, 0.58375913
0.06985, 0.07648226, -0.05561034
0.96874905, -0.20053713, 0.14581744
0.75251305, 0.62686104
0.04532447, 1.56e-06, 0.03817087
0.95846432, 0.0, 0.28513443
0.02295931, 0.90089619
0.06507261, -0.02654061, -0.0815865
0.74214911, 0.20737328, 0.6372875
0.78497124, 0.41782087
0.06984998, -3.434e-05, -0.09456272
0.96874905, 6.104e-05, 0.24793237
0.80351382, 0.47109663
0.05829048, 0.06594386, -0.04791269
0.72624898, -0.55616933, 0.403943
0.74268699, 0.61718315
0.04532448, 0.03087997, -0.02243755
0.95846432, 0.23068941, -0.16760765
0.67802775, 0.55252019
0.06998406, 0.07884481, -0.05732722
0.93493456, -0.28684348, 0.20871608
0.75646627, 0.63080245
0.04532448, 0.02243524, -0.03088187
0.95846432, 0.16757713, -0.23068941
0.15821797, 0.87947272
0.06507264, 0.08158648, -0.0265406
0.74214911, -0.6372875, 0.20737328
0.70626932, 0.65873516
-0.08110798, -0.138469, -0.044991
-0.95690787, -0.276162, -0.08972442
0.29503435, 0.0972023
-0.07479, -0.098337, -0.031952
-0.93398845, 0.33973205, 0.11044648
0.33949012, 0.18442839
-0.07479, -0.08365, -0.060776
-0.93398845, 0.28894925, 0.21002838
0.44481426, 0.15035421
-0.07479, 0.098337, -0.031952
-0.93398845, -0.33976257, 0.1102939
0.81535912, 0.66125983
-0.07479, 0.08365, -0.060776
-0.93398845, -0.2890408, 0.20990631
0.84955394, 0.55619842
-0.07479, -0.031952, -0.098337
-0.93398845, 0.1102939, 0.33976257
0.66071045, 0.18475479
-0.07479, -0.031952, 0.098337
-0.93398845, 0.11044648, -0.33973205
0.18420178, 0.66056389
-0.07479, -0.060776, 0.08365
-0.93398845, 0.21002838, -0.28894925
0.15016747, 0.55545473
-0.07479, 0.103398, 0.0
-0.93401897, -0.35718864, 0.0
0.75008374, 0.75092235
-0.07479, 0.0, 0.103398
-0.93401897, 0.0, -0.35718864
0.2494221, 0.75036284
-0.07479, 0.0, -0.103398
-0.93401897, -9.156e-05, 0.35718864
0.7505827, 0.25007367
-0.07479, 0.031952, -0.098337
-0.93401897, -0.11035493, 0.33970153
0.81569505, 0.34016538
-0.07479, 0.098337, 0.031952
-0.93398845, -0.33970153, -0.11044648
0.66028893, 0.81599569
-0.07479, -0.103398, 0.0
-0.93398845, 0.35721916, 6.104e-05
0.24959454, 0.24962127
-0.07479, 0.103398, 0.0
-0.93401897, -0.35718864, 0.0
0.65493751, 0.68852502
-0.07051106, 0.09272269, 0.03009039
-0.93493456, -0.33747369, -0.10937834
0.59716231, 0.67588425
-0.07479, 0.098337, 0.031952
-0.93398845, -0.33970153, -0.11044648
0.59506387, 0.68852502
-0.07479, -0.08365, 0.060776
-0.93398845, 0.2890408, -0.20990631
0.4896552, 0.36403191
-0.070511, -0.09270117, 0.03015708
-0.93493456, 0.33732107, -0.10986663
0.54385757, 0.34029979
-0.07479, -0.098337, 0.031952
-0.93398845, 0.33976257, -0.1102939
0.53812659, 0.32883799
-0.070511, 0.0, 0.097483
-0.93493456, 0.0, -0.35474715
0.44853204, 0.52740225
-0.07479, 0.031952, 0.098337
-0.93398845, -0.1102939, -0.33976257
0.45439056, 0.58636755
-0.07051103, 0.03015707, 0.09270117
-0.93493456, -0.10983612, -0.33735159
0.46585545, 0.58062726
-0.07479, -0.060776, 0.08365
-0.93398845, 0.21002838, -0.28894925
0.45442763, 0.41247642
-0.070511, -0.07884485, 0.0573272
-0.93493456, 0.28684348, -0.20871608
0.49864799, 0.3731643
-0.07479, 0.060776, -0.08365
-0.93398845, -0.21002838, 0.28894925
0.79559612, 0.58640262
-0.07051106, 0.07884481, -0.05732722
-0.93493456, -0.28684348, 0.20871608
0.75137365, 0.62571347
-0.07479, 0.08365, -0.060776
-0.93398845, -0.2890408, 0.20990631
0.76036656, 0.63484642
-0.07479, 0.0, 0.103398
-0.93401897, 0.0, -0.35718864
0.4358592, 0.52937624
-0.07051101, -0.03009077, 0.09272282
-0.93493456, 0.10937834, -0.33747369
0.44853294, 0.47155958
-0.07479, -0.031952, 0.098337
-0.93398845, 0.11044648, -0.33973205
0.43588638, 0.46945393
-0.070511, -0.05727083, 0.0788861
-0.93493456, 0.20831935, -0.28717917
0.46580249, 0.41838598
-0.07479, 0.08365, 0.060776
-0.93398845, -0.28894925, -0.2100589
0.53809476, 0.67002675
-0.070511, 0.057299, 0.078865
-0.93493456, -0.20853297, -0.28699607
0.49871141, 0.62578562
-0.07479, 0.060775, 0.08365
-0.93398845, -0.20996734, -0.28897977
0.48962748, 0.63482875
-0.07479, -0.098337, -0.031952
-0.93398845, 0.33973205, 0.11044648
0.65495813, 0.31034529
-0.07051101, -0.07888611, -0.05727081
-0.93493456, 0.28717917, 0.20831935
0.70602763, 0.34021986
-0.07479, -0.08365, -0.060776
-0.93398845, 0.28894925, 0.21002838
0.7119289, 0.32884276
-0.07051104, 0.07888608, 0.05727081
-0.93493456, -0.28714865, -0.20834987
0.54399592, 0.6586501
-0.07479, 0.031952, -0.098337
-0.93401897, -0.11035493, 0.33970153
0.81413907, 0.52942705
-0.07051106, 0.0572708, -0.0788861
-0.93493456, -0.20831935, 0.28714865
0.78422129, 0.58049256
-0.07051101, -0.05732722, -0.07884485
-0.93493456, 0.20871608, 0.28684348
0.75127107, 0.37303787
-0.07479, -0.060776, -0.08365
-0.93398845, 0.20990631, 0.2890408
0.76039958, 0.36403704
-0.070511, -0.09748302, 3.509e-05
-0.93493456, 0.35474715, -0.00024415
0.59698945, 0.32301587
-0.07479, -0.103398, 0.0
-0.93398845, 0.35721916, 6.104e-05
0.59508049, 0.31034625
-0.07051102, -3.51e-05, -0.097483
-0.93493456, 0.00021363, 0.35474715
0.80148846, 0.47140956
-0.07479, -0.031952, -0.098337
-0.93398845, 0.1102939, 0.33976257
0.79563951, 0.41250455
-0.07051103, -0.03015709, -0.09270117
-0.93493456, 0.10986663, 0.33732107
0.78417331, 0.41824526
-0.07051106, 0.09270115, -0.03015708
-0.93493456, -0.33732107, 0.10983612
0.70616233, 0.65857619
-0.07479, 0.098337, -0.031952
-0.93398845, -0.33976257, 0.1102939
0.7118929, 0.67003849
-0.070511, 0.097483, 0.0
-0.93493456, -0.35474715, 0.0
0.65296608, 0.67586574
-0.070511, -0.09272283, -0.03009076
-0.93493456, 0.33747369, 0.10937834
0.65286005, 0.3229863
-0.07479, 0.0, -0.103398
-0.93401897, -9.156e-05, 0.35718864
0.81417298, 0.46949899
-0.070511, 0.030124, -0.092711
-0.93493456, -0.10959197, 0.33738211
0.80148041, 0.5273833
-0.07479, 0.031952, 0.098337
-0.93398845, -0.1102939, -0.33976257
0.33929583, 0.81560704
-0.07479, 0.060776, -0.08365
-0.93398845, -0.21002838, 0.28894925
0.84971678, 0.4456768
-0.07479, -0.098337, 0.031952
-0.93398845, 0.33976257, -0.1102939
0.18437099, 0.33957529
-0.07479, 0.08365, 0.060776
-0.93398845, -0.28894925, -0.2100589
0.5551759, 0.84991032
-0.07479, -0.08365, 0.060776
-0.93398845, 0.2890408, -0.20990631
0.15018713, 0.44498008
-0.07479, 0.060775, 0.08365
-0.93398845, -0.20996734, -0.28897977
0.44467708, 0.84978512
-0.05056866, 0.02007648, 0.0276331
-0.46012756, 0.52183598, 0.71828365
0.05116593, 0.86926562
-0.04585147, 0.01179679, 0.03630226
-0.95846432, 0.08810694, 0.27118748
0.02992084, 0.87947308
-0.04585147, 0.02243754, 0.03087996
-0.95846432, 0.16760765, 0.23068941
0.04316185, 0.86125009
-0.06645765, 0.02193713, -0.01594081
-0.92703027, 0.30332348, -0.22040467
0.11812119, 0.88845548
-0.06981825, -1e-08, -0.0
-1.0, 0.0, 0.0
0.09406976, 0.91215909
-0.06645765, 0.0257896, -0.00838197
-0.92703027, 0.35660878, -0.11587878
0.10961972, 0.88218333
-0.05056865, -0.03415605, -1.1e-07
-0.46012756, -0.8878445, 0.0
0.08458729, 0.97208036
-0.04585145, -0.036303, -0.01179419
-0.95846432, -0.27118748, -0.08807642
0.10533213, 0.98326731
-0.04585145, -0.03817087, 1.56e-06
-0.95846432, -0.28513443, 0.0
0.08280741, 0.98326731
-0.05881747, 0.07752235, -0.0251898
-0.72624898, -0.65379804, 0.21231727
0.70139921, 0.64951578
-0.06559964, 0.08579489, -3.018e-05
-0.74214911, -0.67018646, 0.00030519
0.65308505, 0.67604405
-0.06559964, 0.08158648, -0.0265406
-0.74214911, -0.6372875, 0.20737328
0.70626932, 0.65873516
-0.06373498, 0.03108259, -1.02e-06
-0.54780722, 0.83657336, 0.0
0.10052943, 0.87277117
-0.05056867, 0.03248476, -0.01055458
-0.46012756, 0.8443861, -0.27433088
0.12160437, 0.85810025
-0.06373498, 0.02956096, -0.009606
-0.54780722, 0.79564804, -0.2585223
0.11238472, 0.87669501
-0.07037693, -0.08994485, -0.0291887
-0.96874905, 0.23584704, 0.0765099
0.65318853, 0.32096004
-0.06559958, -0.0857949, 3.017e-05
-0.74214911, 0.67018646, -0.00030519
0.5968219, 0.32211548
-0.06559959, -0.08160526, -0.02648356
-0.74217963, 0.6374706, 0.20679343
0.65297544, 0.32208216
-0.05137303, 0.06686398, -2.53e-06
-0.9416486, -0.33655813, 0.0
0.64600766, 0.63102931
-0.05881747, 0.07752235, -0.0251898
-0.72624898, -0.65379804, 0.21231727
0.70052361, 0.64779544
-0.05137303, 0.06359065, -0.02066465
-0.9416486, -0.32007813, 0.10400708
0.6856038, 0.61810526
-0.04585148, 0.03630226, -0.0117968
-0.95846432, 0.27118748, -0.08810694
0.65899575, 0.56628144
-0.07037699, 0.09456271, -3.433e-05
-0.96874905, -0.24793237, 0.00012207
0.65327525, 0.67745581
-0.07051106, 0.09270115, -0.03015708
-0.93493456, -0.33732107, 0.10983612
0.70943296, 0.66498953
-0.07037699, 0.08992355, -0.02925401
-0.96874905, -0.23578601, 0.07669301
0.70688969, 0.66002071
-0.06645765, 0.02711728, -2.24e-06
-0.92703027, 0.37495041, -3.052e-05
0.09959548, 0.87884578
-0.06645766, 0.00838196, 0.0257896
-0.92703027, 0.11587878, 0.35660878
0.06409401, 0.89660931
-0.06645766, 0.01594079, 0.02193713
-0.92703027, 0.22040467, 0.30332348
0.07036634, 0.88810766
-0.05881747, 0.08151214, -1.51e-06
-0.72624898, -0.68739891, -9.156e-05
0.65130657, 0.66577294
-0.06559962, 0.08160524, 0.02648356
-0.74217963, -0.6374706, -0.20679343
0.59715933, 0.67607635
-0.06373498, 0.02956158, 0.00960403
-0.54780722, 0.79564804, 0.25849178
0.08804184, 0.87270263
-0.05056867, 0.03415605, 9e-08
-0.46012756, 0.8878445, 0.0
0.10355243, 0.85223782
-0.06559964, 0.06939188, -0.05045324
-0.74214911, -0.54200876, 0.39417708
0.75203836, 0.6263327
-0.07037699, 0.08992355, -0.02925401
-0.96874905, -0.23578601, 0.07669301
0.70708752, 0.66040874
-0.07037699, 0.07648226, -0.05561034
-0.96874905, -0.20053713, 0.14581744
0.75282109, 0.62716892
-0.05137302, 0.06359193, 0.0206599
-0.9416486, -0.32007813, -0.10397656
0.60437053, 0.6310665
-0.05881747, 0.08151214, -1.51e-06
-0.72624898, -0.68739891, -9.156e-05
0.65100515, 0.66386625
-0.04585148, 0.03817087, -1.57e-06
-0.95846432, 0.28513443, 0.0
0.63670433, 0.57352221
-0.07037697, 0.08994483, 0.0291887
-0.96874905, -0.23584704, -0.07654043
0.59690171, 0.67748094
-0.070511, 0.097483, 0.0
-0.93493456, -0.35474715, 0.0
0.65409291, 0.68297583
-0.06645765, 0.02579075, 0.0083775
-0.92703027, 0.35660878, 0.11581774
0.08903072, 0.87876885
-0.04585148, 0.03817087, -1.57e-06
-0.95846432, 0.28513443, 0.0
0.10533231, 0.84105097
-0.05137302, 0.0540955, 0.03929976
-0.9416486, -0.27228615, -0.19779046
0.56465, 0.6182211
-0.05881747, 0.07752299, 0.02518724
-0.7262795, -0.65370649, -0.21250038
0.5989486, 0.66384804
-0.04585148, 0.03088186, 0.02243523
-0.95846432, 0.23068941, 0.16757713
0.59090614, 0.5662294
-0.07037697, 0.07652313, 0.05555472
-0.96874905, -0.2006592, -0.14566484
0.5432542, 0.66008717
-0.07051106, 0.09272269, 0.03009039
-0.93493456, -0.33747369, -0.10937834
0.59604025, 0.68299508
-0.06559959, 3.017e-05, 0.08579489
-0.74214911, -0.00030519, -0.67018646
0.44765639, 0.52763185
-0.07037695, -0.02918872, 0.08994483
-0.96874905, 0.0765099, -0.23584704
0.44650811, 0.47123325
-0.07037694, 3.433e-05, 0.09456272
-0.96874905, -0.00012207, -0.24793237
0.44651711, 0.52777863
-0.06645766, 0.02193962, 0.01593741
-0.92703027, 0.303354, 0.22037415
0.07895888, 0.88196021
-0.05056865, -0.01055513, 0.03248444
-0.46012756, -0.27433088, 0.8443861
0.03414992, 0.92165811
-0.04585145, -0.02243523, 0.03088186
-0.95846432, -0.16757713, 0.23068941
0.02992155, 0.94484536
-0.04585145, -0.01179418, 0.03630299
-0.95846432, -0.08807642, 0.27118748
0.02296021, 0.92342278
-0.06645766, -2.24e-06, -0.02711729
-0.92703027, -3.052e-05, -0.37495041
0.12738341, 0.9176847
-0.06645766, -0.00838198, -0.02578961
-0.92703027, -0.11587878, -0.35660878
0.1240457, 0.92770895
-0.05881747, 0.07752299, 0.02518724
-0.7262795, -0.65370649, -0.21250038
0.59864634, 0.66575453
-0.06559962, 0.06942731, 0.05040466
-0.74217963, -0.54237497, -0.39365825
0.54392767, 0.65882558
-0.06373498, 0.02514691, 0.01826894
-0.54780722, 0.67680901, 0.49171424
0.07614414, 0.87649659
-0.05056866, 0.03248444, 0.01055511
-0.46012756, 0.8443861, 0.27433088
0.08457154, 0.85223995
-0.05056865, -0.02007679, 0.02763298
-0.46012756, -0.5218665, 0.71825314
0.04001826, 0.93970934
-0.04585145, -0.03087997, 0.02243753
-0.95846432, -0.23068941, 0.16760765
0.04316221, 0.96306755
-0.06645766, -0.01594081, -0.02193715
-0.92703027, -0.22040467, -0.30332348
0.11777338, 0.93621051
-0.06645766, -0.02193964, -0.01593743
-0.92703027, -0.303354, -0.22037415
0.10918083, 0.94235813
-0.05881746, 0.06594532, 0.04791053
-0.72624898, -0.55604726, -0.40412611
0.54852194, 0.64946312
-0.0655996, 0.05045323, 0.06939188
-0.74214911, -0.39417708, -0.54200876
0.49864209, 0.62597722
-0.06373498, 0.01827058, 0.0251457
-0.54780722, 0.49174476, 0.67677844
0.06600092, 0.88378143
-0.05056866, 0.02763298, 0.02007677
-0.46012756, 0.71825314, 0.5218665
0.0665205, 0.85810739
-0.06559964, 0.08579489, -3.018e-05
-0.74214911, -0.67018646, 0.00030519
0.65319836, 0.67675668
-0.07037697, 0.08994483, 0.0291887
-0.96874905, -0.23584704, -0.07654043
0.59683383, 0.67791116
-0.07037699, 0.09456271, -3.433e-05
-0.96874905, -0.24793237, 0.00012207
0.65334356, 0.67788595
-0.05137301, 0.03930344, 0.05409265
-0.9416486, -0.19782098, -0.27225563
0.53093374, 0.59378701
-0.05881746, 0.06594532, 0.04791053
-0.72624898, -0.55604726, -0.40412611
0.54939872, 0.64774337
-0.07037698, 0.05561033, 0.07648226
-0.96874905, -0.14584796, -0.20050661
0.49760771, 0.62696826
-0.07051104, 0.07888608, 0.05727081
-0.93493456, -0.28714865, -0.20834987
0.54073125, 0.66506642
-0.06645765, 0.01593741, -0.02193964
-0.92703027, 0.22037415, -0.303354
0.12426882, 0.89704821
-0.05881745, 0.04791268, 0.06594386
-0.72624898, -0.403943, -0.55616933
0.50591242, 0.61849523
-0.06559961, 0.02654059, 0.08158649
-0.74214911, -0.20737328, -0.6372875
0.46570045, 0.58072391
-0.06373496, 0.00960598, 0.02956096
-0.5477767, 0.2585223, 0.79564804
0.05860534, 0.89384378
-0.07037697, 0.07652313, 0.05555472
-0.96874905, -0.2006592, -0.14566484
0.54305667, 0.66047531
-0.06559962, 0.08160524, 0.02648356
-0.74217963, -0.6374706, -0.20679343
0.59704691, 0.67678916
-0.06559962, 0.06942731, 0.05040466
-0.74217963, -0.54237497, -0.39365825
0.54360044, 0.6594688
-0.051373, 0.02066464, 0.06359065
-0.9416486, -0.10400708, -0.32007813
0.50633788, 0.56003964
-0.05881745, 0.04791268, 0.06594386
-0.72624898, -0.403943, -0.55616933
0.50727767, 0.61713046
-0.04585147, 0.01179679, 0.03630226
-0.95846432, 0.08810694, 0.27118748
0.55816609, 0.53342238
-0.07037695, 0.029254, 0.08992357
-0.96874905, -0.07669301, -0.23578601
0.46441203, 0.58135214
-0.070511, 0.057299, 0.078865
-0.93493456, -0.20853297, -0.28699607
0.4936218, 0.63087749
-0.05056866, -0.02007649, -0.02763312
-0.46012756, -0.52183598, -0.71828365
0.1369738, 0.95505237
-0.04585147, -0.0117968, -0.03630227
-0.95846432, -0.08810694, -0.27118748
0.15821886, 0.9448451
-0.04585147, -0.02243754, -0.03087998
-0.95846432, -0.16760765, -0.23068941
0.14497769, 0.96306817
-0.051373, 2.51e-06, 0.06686397
-0.9416486, 0.0, -0.33655813
0.49340612, 0.52043587
-0.07037694, 3.433e-05, 0.09456272
-0.96874905, -0.00012207, -0.24793237
0.44694734, 0.52771032
-0.07051103, 0.03015707, 0.09270117
-0.93493456, -0.10983612, -0.33735159
0.45944175, 0.58389926
-0.06559962, 0.05040465, -0.06942731
-0.74217963, -0.39365825, 0.54237497
0.78504235, 0.58087945
-0.07037697, 0.0555547, -0.07652315
-0.96874905, -0.14566484, 0.2006592
0.78604728, 0.58143055
-0.06645766, 2.22e-06, 0.02711729
-0.92703027, 3.052e-05, 0.37495041
0.0607563, 0.90663356
-0.04585148, 0.036303, 0.01179417
-0.95846432, 0.27118748, 0.08807642
0.08280741, 0.84105097
-0.06645766, 0.00837785, -0.02579088
-0.92703027, 0.11581774, -0.35660878
0.12746052, 0.90711951
-0.05881745, 0.02518979, 0.07752235
-0.72624898, -0.21231727, -0.65379804
0.47492275, 0.57584667
-0.06559959, 3.017e-05, 0.08579489
-0.74214911, -0.00030519, -0.67018646
0.44836923, 0.52751854
-0.06373496, 1.01e-06, 0.03108259
-0.54780722, 0.0, 0.83660388
0.05468131, 0.90569942
-0.05056866, 0.01055457, 0.03248476
-0.46012756, 0.27433088, 0.8443861
0.04001039, 0.88462341
-0.05881745, 0.02518979, 0.07752235
-0.72624898, -0.21231727, -0.65379804
0.4766432, 0.57497081
-0.06645764, -0.02579089, -0.00837787
-0.92703027, -0.35660878, -0.11581774
0.09910935, 0.94554967
-0.06645764, -0.0271173, 2.22e-06
-0.92703027, -0.37495041, 3.052e-05
0.08854424, 0.94547238
-0.04585147, -1.57e-06, -0.03817088
-0.95846432, 0.0, -0.28513443
0.16518039, 0.92342198
-0.05056866, -0.01055458, -0.03248477
-0.46012756, -0.27433088, -0.8443861
0.14812934, 0.93969467
-0.05056866, 1e-07, -0.03415606
-0.46012756, 0.0, -0.8878445
0.15399247, 0.92164193
-0.05881744, 1.5e-06, 0.08151215
-0.72624898, 9.156e-05, -0.68739891
0.45864928, 0.52573827
-0.06559959, -0.02648357, 0.08160524
-0.74217963, 0.20679343, -0.6374706
0.44834796, 0.47156507
-0.06373496, -0.00960405, 0.02956158
-0.5477767, -0.25849178, 0.79564804
0.05461314, 0.91818728
-0.05056866, -1e-07, 0.03415605
-0.46012756, 0.0, 0.8878445
0.03414706, 0.90267643
-0.06559958, -0.0815865, 0.02654059
-0.74214911, 0.6372875, -0.20737328
0.54342353, 0.33949757
-0.07037693, -0.09456273, 3.432e-05
-0.96874905, 0.24796289, -6.104e-05
0.59667611, 0.32098562
-0.07037693, -0.08992358, 0.029254
-0.96874905, 0.23578601, -0.07669301
0.54293287, 0.33846712
-0.05137299, -0.0206599, 0.06359193
-0.9416486, 0.10397656, -0.32007813
0.49337193, 0.47878909
-0.05881744, 1.5e-06, 0.08151215
-0.72624898, 9.156e-05, -0.68739891
0.46055627, 0.52543679
-0.04585147, 1.56e-06, 0.03817087
-0.95846432, 0.0, 0.28513443
0.55092371, 0.51113039
-0.07037695, -0.02918872, 0.08994483
-0.96874905, 0.0765099, -0.23584704
0.4469384, 0.47130126
-0.070511, 0.0, 0.097483
-0.93493456, 0.0, -0.35474715
0.4414202, 0.52852932
-0.06645766, -0.00837788, 0.02579087
-0.92703027, -0.11581774, 0.35660878
0.06067901, 0.91719867
-0.05881743, -0.02518725, 0.07752299
-0.7262795, 0.21250038, -0.65370649
0.45867491, 0.47305715
-0.06559959, -0.05040468, 0.06942731
-0.74217963, 0.39365825, -0.54237497
0.46562505, 0.4183262
-0.06373496, -0.01826895, 0.02514691
-0.54780722, -0.49171424, 0.67680901
0.05840728, 0.93008488
-0.07037695, -0.02925401, -0.08992356
-0.96874905, 0.07669301, 0.23578601
0.78600532, 0.41732264
-0.06559959, -0.05045324, -0.06939188
-0.74214911, 0.39417708, 0.54200876
0.75189507, 0.37238199
-0.06559961, -0.02654061, -0.0815865
-0.74214911, 0.20737328, 0.6372875
0.78497124, 0.41782087
-0.05137299, -0.03929977, 0.05409549
-0.9416486, 0.19779046, -0.27228615
0.50622749, 0.43906581
-0.05881743, -0.02518725, 0.07752299
-0.7262795, 0.21250038, -0.65370649
0.46058163, 0.47335953
-0.04585145, -0.02243523, 0.03088186
-0.95846432, -0.16757713, 0.23068941
0.55821872, 0.46533042
-0.07037693, -0.05555473, 0.07652315
-0.96874905, 0.14566484, -0.2006592
0.46436524, 0.41764569
-0.07051101, -0.03009077, 0.09272282
-0.93493456, 0.10937834, -0.33747369
0.44142115, 0.47043622
-0.06645764, -0.01593743, 0.02193962
-0.92703027, -0.22037415, 0.303354
0.06387073, 0.92727006
-0.05137298, -0.05409267, 0.03930344
-0.9416486, 0.27225563, -0.19782098
0.53067034, 0.40535516
-0.07037693, -0.07648227, 0.05561034
-0.96874905, 0.20053713, -0.14581744
0.49750915, 0.37201679
-0.070511, -0.05727083, 0.0788861
-0.93493456, 0.20831935, -0.28717917
0.45938665, 0.41511971
-0.06645764, -0.02193714, 0.01594079
-0.92703027, -0.30332348, 0.22040467
0.07001852, 0.93586251
-0.05056866, 0.02007679, -0.027633
-0.46012756, 0.5218665, -0.71825314
0.14812145, 0.88460875
-0.04585148, 0.03087997, -0.02243755
-0.95846432, 0.23068941, -0.16760765
0.14497748, 0.86125064
-0.04585148, 0.02243524, -0.03088187
-0.95846432, 0.16757713, -0.23068941
0.15821797, 0.87947272
-0.05881743, -0.04791055, 0.06594533
-0.72624898, 0.40412611, -0.55604726
0.47498667, 0.42292684
-0.06559958, -0.06939188, 0.05045323
-0.74214911, 0.54200876, -0.39417708
0.49849442, 0.37305486
-0.06373496, -0.02514571, 0.01827058
-0.54780722, -0.67677844, 0.49174476
0.06569229, 0.94022793
-0.05881743, -0.04791055, 0.06594533
-0.72624898, 0.40412611, -0.55604726
0.47670639, 0.42380387
-0.05056865, -0.02763299, -0.02007679
-0.46012756, -0.71825314, -0.5218665
0.12161922, 0.96621078
-0.04585145, -0.03088187, -0.02243524
-0.95846432, -0.23068941, -0.16757713
0.12675454, 0.97630739
-0.06645764, -0.02578961, 0.00838196
-0.92703027, -0.35660878, 0.11587878
0.07852, 0.94213466
-0.05881742, -0.06594387, 0.04791268
-0.72624898, 0.55616933, -0.403943
0.50597107, 0.38032854
-0.06559958, -0.0815865, 0.02654059
-0.74214911, 0.6372875, -0.20737328
0.54375148, 0.34014034
-0.06373496, -0.02956096, 0.00960598
-0.5477767, -0.79564804, 0.2585223
0.07575482, 0.94762325
-0.05056865, -0.02763311, 0.02007647
-0.46012756, -0.71828365, 0.52183598
0.05117738, 0.95506338
-0.06559959, -0.02648357, 0.08160524
-0.74217963, 0.20679343, -0.6374706
0.44763502, 0.47145259
-0.07037693, -0.05555473, 0.07652315
-0.96874905, 0.14566484, -0.2006592
0.4639771, 0.41744804
-0.05137298, -0.06359065, 0.02066464
-0.9416486, 0.32007813, -0.10400708
0.56441855, 0.38076973
-0.05881742, -0.06594387, 0.04791268
-0.72624898, 0.55616933, -0.403943
0.5073356, 0.38169384
-0.04585145, -0.03630226, 0.01179679
-0.95846432, -0.27118748, 0.08810694
0.59102798, 0.43259299
-0.07037693, -0.08992358, 0.029254
-0.96874905, 0.23578601, -0.07669301
0.54313076, 0.33885521
-0.070511, -0.07884485, 0.0573272
-0.93493456, 0.28684348, -0.20871608
0.49355581, 0.36807561
-0.05881742, -0.07752237, 0.02518979
-0.72624898, 0.65379804, -0.21231727
0.54862213, 0.34935957
-0.06559958, -0.0857949, 3.017e-05
-0.74214911, 0.67018646, -0.00030519
0.59693521, 0.32282817
-0.06373496, -0.0310826, 1.01e-06
-0.54780722, -0.83660388, 0.0
0.08761029, 0.9515471
-0.05056865, -0.03248476, 0.01055456
-0.46012756, -0.8443861, 0.27433088
0.06653517, 0.96621794
-0.06559961, 0.02654059, 0.08158649
-0.74214911, -0.20737328, -0.6372875
0.46505755, 0.58105195
-0.05137298, -0.06686398, 2.51e-06
-0.9416486, 0.33655813, 0.0
0.60401458, 0.36784422
-0.05881742, -0.07752237, 0.02518979
-0.72624898, 0.65379804, -0.21231727
0.54949778, 0.35107988
-0.07037693, -0.09456273, 3.432e-05
-0.96874905, 0.24796289, -6.104e-05
0.59674442, 0.32141578
-0.070511, -0.09270117, 0.03015708
-0.93493456, 0.33732107, -0.10986663
0.54058731, 0.33388668
-0.04585145, -0.03630226, 0.01179679
-0.95846432, -0.27118748, 0.08810694
0.06138555, 0.97630703
-0.07037693, -0.08994485, -0.0291887
-0.96874905, 0.23584704, 0.0765099
0.65312058, 0.32139027
-0.070511, -0.09748302, 3.509e-05
-0.93493456, 0.35474715, -0.00024415
0.59586042, 0.31590623
-0.0655996, -3.018e-05, -0.0857949
-0.74214911, 0.00030519, 0.67018646
0.80237329, 0.47124356
-0.07037697, 0.02918869, -0.08994484
-0.96874905, -0.07647938, 0.23584704
0.8035174, 0.52764606
-0.07037698, -3.434e-05, -0.09456272
-0.96874905, 6.104e-05, 0.24793237
0.80351382, 0.47109663
-0.05881742, -0.08151214, 1.5e-06
-0.72624898, 0.68739891, 9.156e-05
0.59871435, 0.33309978
-0.06559959, -0.08160526, -0.02648356
-0.74217963, 0.6374706, 0.20679343
0.65286309, 0.32279497
-0.06373496, -0.0295616, -0.00960404
-0.5477767, -0.79564804, -0.25849178
0.10009788, 0.95161553
-0.05137299, -0.06359194, -0.02065991
-0.9416486, 0.32007813, 0.10397656
0.64565259, 0.36780602
-0.05881742, -0.08151214, 1.5e-06
-0.72624898, 0.68739891, 9.156e-05
0.59901577, 0.33500648
-0.04585145, -0.03817087, 1.56e-06
-0.95846432, -0.28513443, 0.0
0.6133194, 0.42535162
-0.05056867, 0.02763312, -0.02007649
-0.46012756, 0.71828365, -0.52183598
0.13696234, 0.86925489
-0.04585148, 0.03630226, -0.0117968
-0.95846432, 0.27118748, -0.08810694
0.12675416, 0.84801105
-0.05881743, -0.07752301, -0.02518725
-0.7262795, 0.65370649, 0.21250038
0.65137625, 0.33311707
-0.06559959, -0.0694273, -0.05040467
-0.74217963, 0.54237497, 0.39365825
0.70609665, 0.34004486
-0.06373496, -0.02514693, -0.01826895
-0.54780722, -0.67683953, -0.49171424
0.11199558, 0.94782167
-0.05056865, -0.03248444, -0.01055513
-0.46012756, -0.8443861, -0.27433088
0.10356817, 0.97207813
-0.07037693, -0.07648227, 0.05561034
-0.96874905, 0.20053713, -0.14581744
0.49720109, 0.37170887
-0.06559959, -0.05040468, 0.06942731
-0.74217963, 0.39365825, -0.54237497
0.46498185, 0.41799885
-0.06559958, -0.06939188, 0.05045323
-0.74214911, 0.54200876, -0.39417708
0.49798384, 0.37254488
-0.05137299, -0.0540955, -0.03929976
-0.9416486, 0.27228615, 0.19779046
0.68537456, 0.38065088
-0.05881743, -0.07752301, -0.02518725
-0.7262795, 0.65370649, 0.21250038
0.65107405, 0.33502358
-0.04585145, -0.03088187, -0.02243524
-0.95846432, -0.23068941, -0.16757713
0.65911841, 0.43264401
-0.07037695, -0.07652316, -0.05555473
-0.96874905, 0.2006592, 0.14566484
0.70677, 0.33878297
-0.070511, -0.09272283, -0.03009076
-0.93493456, 0.33747369, 0.10937834
0.65398258, 0.31587547
-0.06373496, -0.01827059, -0.02514571
-0.54780722, -0.49174476, -0.67677844
0.1221388, 0.94053683
-0.0655996, 0.05045323, 0.06939188
-0.74214911, -0.39417708, -0.54200876
0.49813208, 0.62648785
-0.07037695, 0.029254, 0.08992357
-0.96874905, -0.07669301, -0.23578601
0.46402398, 0.58155006
-0.07037698, 0.05561033, 0.07648226
-0.96874905, -0.14584796, -0.20050661
0.49729985, 0.62727642
-0.051373, -0.03930344, -0.05409266
-0.9416486, 0.19782098, 0.27225563
0.71909207, 0.40508503
-0.05881743, -0.06594533, -0.04791054
-0.72624898, 0.55604726, 0.40412611
0.70062578, 0.35112762
-0.07037694, -0.05561034, -0.07648226
-0.96874905, 0.14581744, 0.20053713
0.75241977, 0.37190062
-0.07051101, -0.07888611, -0.05727081
-0.93493456, 0.28717917, 0.20831935
0.70929277, 0.33380353
-0.04585148, 0.03088186, 0.02243523
-0.95846432, 0.23068941, 0.16757713
0.06138519, 0.84801069
-0.05881743, -0.06594533, -0.04791054
-0.72624898, 0.55604726, 0.40412611
0.70150256, 0.34940785
-0.06559959, -0.05045324, -0.06939188
-0.74214911, 0.39417708, 0.54200876
0.75138509, 0.37289268
-0.07037695, -0.07652316, -0.05555473
-0.96874905, 0.2006592, 0.14566484
0.70696759, 0.33839476
-0.05881744, -0.0479127, -0.06594386
-0.72624898, 0.403943, 0.55616933
0.74411422, 0.3803755
-0.06559961, -0.02654061, -0.0815865
-0.74214911, 0.20737328, 0.6372875
0.7843284, 0.41814888
-0.06373496, -0.009606, -0.02956096
-0.5477767, -0.2585223, -0.79564804
0.12953436, 0.9304743
-0.051373, -0.02066464, -0.06359065
-0.9416486, 0.10400708, 0.32007813
0.74368906, 0.43883389
-0.05881744, -0.0479127, -0.06594386
-0.72624898, 0.403943, 0.55616933
0.74274898, 0.38174027
-0.04585147, -0.0117968, -0.03630227
-0.95846432, -0.08810694, -0.27118748
0.69185919, 0.4654516
-0.07037695, -0.02925401, -0.08992356
-0.96874905, 0.07669301, 0.23578601
0.78561723, 0.41752058
-0.07051101, -0.05732722, -0.07884485
-0.93493456, 0.20871608, 0.28684348
0.75635952, 0.36794412
-0.04585148, 0.01179417, -0.036303
-0.95846432, 0.08807642, -0.27118748
0.16517933, 0.90089548
-0.05881745, -0.0251898, -0.07752236
-0.72624898, 0.21231727, 0.65379804
0.77510554, 0.4230262
-0.0655996, -3.018e-05, -0.0857949
-0.74214911, 0.00030519, 0.67018646
0.80166042, 0.47135693
-0.06373498, -1.02e-06, -0.0310826
-0.54780722, 0.0, -0.83660388
0.13345823, 0.91861874
-0.06559959, -0.0694273, -0.05040467
-0.74217963, 0.54237497, 0.39365825
0.70642388, 0.33940166
-0.07037694, -0.05561034, -0.07648226
-0.96874905, 0.14581744, 0.20053713
0.75272763, 0.3715924
-0.05137301, -2.52e-06, -0.06686398
-0.9416486, 0.0, 0.33655813
0.75662088, 0.47843915
-0.05881745, -0.0251898, -0.07752236
-0.72624898, 0.21231727, 0.65379804
0.77338505, 0.42390209
-0.07037698, -3.434e-05, -0.09456272
-0.96874905, 6.104e-05, 0.24793237
0.80308354, 0.47116494
-0.07051103, -0.03015709, -0.09270117
-0.93493456, 0.10986663, 0.33732107
0.79058772, 0.41497332
-0.06559962, 0.02648356, -0.08160526
-0.74217963, -0.20679343, 0.6374706
0.80239093, 0.52742597
-0.05137302, 0.02065991, -0.06359194
-0.9416486, -0.10397656, 0.32007813
0.75665367, 0.52008727
-0.05881745, -1.51e-06, -0.08151215
-0.72624898, -9.156e-05, 0.68739891
0.7894724, 0.47343844
-0.04585147, -1.57e-06, -0.03817088
-0.95846432, 0.0, -0.28513443
0.69910163, 0.48774409
-0.07037697, 0.02918869, -0.08994484
-0.96874905, -0.07647938, 0.23584704
0.80308712, 0.52757806
-0.07051102, -3.51e-05, -0.097483
-0.93493456, 0.00021363, 0.35474715
0.80860066, 0.47028011
-0.05881745, -1.51e-06, -0.08151215
-0.72624898, -9.156e-05, 0.68739891
0.79137945, 0.47313696
-0.06559962, 0.02648356, -0.08160526
-0.74217963, -0.20679343, 0.6374706
0.801678, 0.52731347
-0.06373498, 0.00960403, -0.02956159
-0.5477767, 0.25849178, -0.79564804
0.13352656, 0.9061308
-0.05881746, 0.02518725, -0.07752301
-0.7262795, -0.21250038, 0.65370649
0.79135084, 0.52582073
-0.06559962, 0.05040465, -0.06942731
-0.74217963, -0.39365825, 0.54237497
0.78439915, 0.5805521
-0.06373498, 0.01826894, -0.02514692
-0.54780722, 0.49171424, -0.67680901
0.12973242, 0.89423328
-0.05056866, 0.01055511, -0.03248445
-0.46012756, 0.27433088, -0.8443861
0.15398979, 0.90266015
-0.05137302, 0.03929976, -0.0540955
-0.9416486, -0.19779046, 0.27228615
0.74379689, 0.55981085
-0.05881746, 0.02518725, -0.07752301
-0.7262795, -0.21250038, 0.65370649
0.78944415, 0.5255183
-0.04585148, 0.02243524, -0.03088187
-0.95846432, 0.16757713, -0.23068941
0.69180584, 0.53354454
-0.07037697, 0.0555547, -0.07652315
-0.96874905, -0.14566484, 0.2006592
0.78565907, 0.58123294
-0.070511, 0.030124, -0.092711
-0.93493456, -0.10959197, 0.33738211
0.80859232, 0.52850959
-0.05881747, 0.04791053, -0.06594533
-0.72624898, -0.40412611, 0.55604726
0.77503759, 0.57595104
-0.06559964, 0.06939188, -0.05045324
-0.74214911, -0.54200876, 0.39417708
0.75152779, 0.62582272
-0.06373498, 0.0251457, -0.01827059
-0.54780722, 0.67677844, -0.49174476
0.12244743, 0.88409042
-0.06559964, 0.08158648, -0.0265406
-0.74214911, -0.6372875, 0.20737328
0.70659721, 0.65937802
-0.05137303, 0.05409265, -0.03930345
-0.9416486, -0.27225563, 0.19782098
0.71935284, 0.59352079
-0.05881747, 0.04791053, -0.06594533
-0.72624898, -0.40412611, 0.55604726
0.77331787, 0.57507396
-0.07037699, 0.07648226, -0.05561034
-0.96874905, -0.20053713, 0.14581744
0.75251305, 0.62686104
-0.07051106, 0.0572708, -0.0788861
-0.93493456, -0.20831935, 0.28714865
0.79063761, 0.58375913
-0.04585147, 1.56e-06, 0.03817087
-0.95846432, 0.0, 0.28513443
0.02295931, 0.90089619
-0.05881747, 0.06594386, -0.04791269
-0.72624898, -0.55616933, 0.403943
0.74268699, 0.61718315
-0.07051106, 0.07884481, -0.05732722
-0.93493456, -0.28684348, 0.20871608
0.75646627, 0.63080245
-0.05881747, 0.06594386, -0.04791269
-0.72624898, -0.55616933, 0.403943
0.74405152, 0.61854851
-0.071399, 0.048835, -0.150299
-0.42222357, 0.28009889, -0.86211735
0.38286453, 0.27729398
-0.071399, -0.12785199, -0.09289
-0.42222357, -0.73335975, -0.53279215
0.38286453, 0.27729398
-0.071399, -0.158034, 0.0
-0.42219305, -0.90649128, 0.0
0.3828637, 0.27729398
-0.071399, -0.048835, -0.150299
-0.42222357, -0.28009889, -0.86211735
0.38286453, 0.27729398
-0.071399, 0.09289, 0.12785199
-0.42222357, 0.53282267, 0.73335975
0.38286453, 0.27729398
-0.071399, 0.150299, 0.048835
-0.42219305, 0.86211735, 0.28009889
0.38286453, 0.27729398
-0.071399, 0.158034, 0.0
-0.42219305, 0.90649128, 0.0
0.38286453, 0.27729398
-0.071399, 0.048835, 0.150299
-0.42219305, 0.28009889, 0.86211735
0.38286453, 0.27729398
-0.071399, -0.048835, 0.150299
-0.42222357, -0.28009889, 0.86211735
0.38286453, 0.27729398
0.07087201, 0.12785199, 0.09289
0.42222357, 0.73335975, 0.53279215
0.38286453, 0.71421799
-0.071399, -0.09289, -0.12785199
-0.42222357, -0.53279215, -0.73335975
0.38286453, 0.27729398
0.07087201, -0.09289, 0.12785199
0.42222357, -0.53279215, 0.73335975
0.38286453, 0.71421799
-0.071399, -0.12785199, 0.09289
-0.42222357, -0.73335975, 0.53282267
0.38286453, 0.27729398
-0.071399, -0.150299, 0.048835
-0.42219305, -0.86211735, 0.28009889
0.3820768, 0.27727997
-0.071399, 0.12785199, -0.09289
-0.42222357, 0.73335975, -0.53279215
0.38286531, 0.27729398
-0.071399, 0.0, -0.158034
-0.42219305, 0.0, -0.90649128
0.38286453, 0.27729398
-0.071399, 0.09289, -0.12785199
-0.42222357, 0.53279215, -0.73335975
0.38286531, 0.27729398
-0.071399, 0.0, 0.158034
-0.42219305, 0.0, 0.90649128
0.38286531, 0.27729398
-0.071399, 0.150299, -0.048835
-0.42219305, 0.86211735, -0.28009889
0.38286531, 0.27729398
0.070872, -0.12785199, -0.09289
0.42222357, -0.73335975, -0.53279215
0.25756106, 0.71421799
0.07426301, 0.08365, -0.060776
0.93398845, -0.2890408, 0.20990631
0.84955394, 0.55619842
-0.07479, -0.060776, -0.08365
-0.93398845, 0.20990631, 0.2890408
0.55535668, 0.15058964
-0.04585148, 0.036303, 0.01179417
-0.95846432, 0.27118748, 0.08807642
0.61323512, 0.57353604
-0.04585147, 0.02243754, 0.03087996
-0.95846432, 0.16760765, 0.23068941
0.57192945, 0.55245382
-0.04585145, -0.01179418, 0.03630299
-0.95846432, -0.08807642, 0.27118748
0.55091023, 0.48765951
-0.04585145, -0.03087997, 0.02243753
-0.95846432, -0.23068941, 0.16760765
0.57199633, 0.44635463
-0.04585145, -0.036303, -0.01179419
-0.95846432, -0.27118748, -0.08807642
0.63678896, 0.42533761
-0.04585147, -0.02243754, -0.03087998
-0.95846432, -0.16760765, -0.23068941
0.67809552, 0.44641978
-0.04585148, 0.01179417, -0.036303
-0.95846432, 0.08807642, -0.27118748
0.69911474, 0.51121539
-0.04585148, 0.03087997, -0.02243755
-0.95846432, 0.23068941, -0.16760765
0.67802775, 0.55252019
# Number of Faces:
960
# Face Data:
0, 1, 2
3, 4, 5
6, 7, 8
9, 10, 11
12, 13, 14
15, 16, 17
18, 19, 20
21, 22, 23
24, 25, 26
27, 28, 29
30, 31, 32
33, 34, 35
36, 37, 38
39, 40, 41
42, 43, 44
45, 46, 47
48, 49, 50
51, 52, 53
54, 55, 56
57, 58, 59
60, 61, 62
63, 64, 65
66, 67, 68
69, 70, 71
68, 72, 73
74, 75, 76
77, 78, 58
66, 65, 79
80, 62, 81
80, 82, 74
83, 70, 84
85, 86, 87
88, 55, 64
89, 75, 78
57, 90, 83
91, 71, 86
92, 93, 94
95, 72, 61
96, 97, 98
99, 100, 101
102, 103, 104
105, 101, 106
107, 108, 109
110, 111, 112
113, 114, 115
116, 117, 118
119, 120, 114
121, 122, 123
104, 124, 125
113, 126, 110
127, 123, 128
129, 117, 130
105, 131, 132
100, 133, 101
134, 108, 135
111, 136, 137
117, 138, 130
135, 139, 134
103, 140, 141
114, 142, 115
123, 139, 128
130, 140, 143
131, 144, 145
101, 144, 106
146, 147, 148
149, 150, 151
152, 153, 154
155, 156, 157
111, 158, 112
125, 122, 159
102, 130, 143
132, 160, 116
161, 162, 163
164, 165, 153
166, 157, 165
167, 168, 169
170, 171, 172
148, 169, 146
173, 163, 174
175, 176, 171
177, 151, 178
179, 180, 181
182, 183, 184
184, 185, 182
181, 186, 179
178, 172, 177
174, 187, 173
108, 188, 120
100, 137, 189
124, 141, 190
120, 191, 114
160, 145, 192
126, 142, 136
193, 154, 168
108, 194, 109
122, 195, 123
117, 192, 196
124, 197, 122
198, 199, 200
201, 202, 203
204, 205, 206
207, 208, 209
210, 211, 212
213, 214, 215
216, 217, 218
217, 219, 218
220, 221, 222
212, 223, 202
203, 224, 225
209, 226, 227
228, 229, 211
230, 231, 232
233, 234, 217
234, 235, 217
236, 237, 221
211, 238, 223
239, 210, 240
241, 242, 234
234, 243, 244
245, 246, 237
247, 248, 249
229, 250, 238
251, 252, 253
254, 203, 255
227, 256, 257
258, 259, 229
253, 260, 261
203, 262, 263
257, 264, 265
266, 267, 259
268, 269, 270
271, 272, 242
272, 243, 242
273, 274, 246
259, 224, 250
201, 203, 275
265, 276, 277
198, 278, 267
279, 270, 269
280, 281, 272
272, 282, 283
284, 285, 274
267, 225, 224
286, 287, 288
289, 282, 281
290, 291, 285
292, 293, 230
278, 294, 225
228, 295, 258
254, 296, 203
277, 297, 298
200, 299, 278
300, 289, 281
203, 301, 302
288, 303, 304
298, 305, 306
307, 308, 299
309, 310, 213
311, 312, 289
312, 313, 289
314, 315, 291
299, 316, 294
203, 225, 294
306, 317, 318
251, 319, 308
320, 321, 322
323, 324, 312
312, 325, 326
327, 328, 315
308, 329, 316
203, 263, 255
330, 325, 324
331, 332, 328
319, 333, 329
334, 335, 336
203, 302, 262
318, 337, 338
253, 339, 319
340, 330, 324
341, 342, 286
203, 343, 301
338, 344, 345
261, 346, 339
249, 347, 348
349, 350, 330
330, 351, 352
353, 354, 332
339, 343, 333
345, 355, 356
357, 358, 346
359, 360, 247
361, 362, 350
362, 351, 350
363, 364, 354
346, 301, 343
365, 261, 260
203, 238, 250
366, 367, 364
368, 369, 370
358, 302, 301
307, 371, 251
329, 333, 203
356, 372, 373
204, 374, 358
375, 376, 362
376, 377, 362
336, 240, 210
203, 223, 238
373, 378, 379
206, 380, 374
348, 381, 382
383, 384, 376
376, 385, 386
387, 388, 367
374, 262, 302
341, 389, 380
390, 391, 359
392, 393, 384
393, 385, 384
394, 395, 388
380, 263, 262
258, 396, 266
202, 223, 203
379, 397, 398
215, 399, 400
389, 255, 263
266, 401, 198
250, 224, 203
398, 402, 403
286, 404, 389
405, 406, 393
393, 407, 408
409, 410, 395
304, 411, 412
294, 316, 203
403, 413, 414
288, 415, 404
400, 322, 321
416, 417, 406
417, 407, 406
418, 419, 410
404, 254, 255
370, 420, 292
421, 422, 417
422, 423, 417
424, 425, 419
415, 296, 254
426, 206, 205
296, 275, 203
414, 427, 428
304, 429, 415
429, 275, 296
357, 430, 204
431, 432, 390
428, 433, 434
412, 435, 429
382, 436, 309
437, 438, 422
422, 439, 440
441, 442, 425
329, 203, 316
434, 443, 444
334, 445, 435
232, 446, 268
447, 448, 438
448, 439, 438
449, 450, 442
435, 201, 275
200, 451, 307
452, 453, 368
454, 218, 448
448, 219, 455
456, 222, 450
445, 202, 201
412, 457, 334
203, 333, 343
444, 458, 207
336, 212, 445
127, 135, 107
85, 459, 54
55, 460, 461
462, 61, 463
64, 464, 65
70, 465, 466
62, 467, 81
58, 468, 59
67, 469, 470
82, 467, 471
90, 468, 465
86, 472, 87
459, 472, 460
473, 474, 475
476, 477, 478
479, 480, 481
482, 483, 476
484, 485, 486
487, 488, 489
489, 490, 482
491, 492, 493
494, 495, 496
475, 497, 491
498, 499, 484
496, 500, 501
478, 502, 503
504, 505, 506
486, 507, 508
508, 509, 473
501, 506, 505
503, 510, 494
511, 512, 498
72, 463, 61
461, 64, 55
78, 513, 58
72, 470, 514
71, 515, 86
65, 469, 79
493, 481, 480
75, 471, 516
70, 517, 71
78, 516, 518
519, 520, 521
522, 523, 524
525, 526, 527
528, 529, 530
531, 532, 533
534, 535, 536
537, 538, 539
540, 537, 539
541, 542, 543
544, 533, 524
523, 545, 546
547, 548, 529
549, 550, 531
551, 552, 553
554, 555, 537
556, 554, 537
557, 558, 541
559, 531, 544
560, 532, 550
561, 562, 554
554, 563, 561
564, 565, 557
566, 567, 568
569, 549, 559
570, 571, 572
573, 574, 523
575, 576, 548
577, 578, 549
579, 580, 571
523, 581, 582
583, 584, 576
585, 586, 577
587, 588, 589
590, 591, 561
563, 590, 561
592, 593, 564
546, 577, 569
522, 594, 523
595, 596, 584
597, 519, 585
598, 599, 600
601, 602, 590
590, 603, 601
604, 605, 592
545, 585, 546
606, 607, 608
603, 609, 601
610, 611, 604
612, 553, 613
614, 597, 545
550, 615, 560
573, 523, 616
617, 618, 596
619, 620, 597
609, 621, 601
523, 622, 623
624, 625, 626
627, 628, 618
629, 630, 619
631, 632, 633
634, 635, 609
636, 634, 609
637, 638, 610
639, 619, 614
523, 614, 545
640, 641, 628
642, 570, 629
643, 644, 645
646, 647, 634
634, 648, 646
649, 650, 637
651, 629, 639
523, 574, 581
648, 652, 646
653, 654, 649
655, 642, 651
656, 657, 658
523, 582, 622
659, 660, 641
661, 579, 642
652, 662, 646
663, 608, 664
523, 623, 665
666, 667, 660
668, 669, 661
670, 671, 567
672, 673, 652
652, 674, 672
675, 676, 653
665, 661, 655
677, 678, 667
679, 680, 668
568, 681, 566
682, 683, 672
674, 682, 672
684, 685, 675
623, 668, 665
686, 669, 680
523, 569, 559
687, 688, 684
689, 690, 691
622, 679, 623
572, 630, 570
651, 523, 655
692, 693, 678
694, 525, 679
695, 696, 682
697, 695, 682
698, 699, 657
523, 559, 544
700, 701, 693
702, 703, 694
704, 705, 706
707, 708, 695
695, 709, 707
710, 711, 687
582, 694, 622
712, 663, 702
713, 714, 715
716, 717, 707
709, 716, 707
718, 719, 710
581, 702, 582
578, 720, 615
524, 523, 544
721, 722, 701
536, 723, 534
574, 712, 581
586, 521, 720
569, 523, 546
724, 725, 722
726, 606, 712
727, 728, 716
716, 729, 727
730, 731, 718
626, 732, 624
614, 523, 639
733, 734, 725
735, 625, 726
736, 737, 723
738, 739, 727
729, 738, 727
740, 741, 730
573, 726, 574
742, 613, 690
743, 744, 738
745, 743, 738
746, 747, 740
616, 735, 573
664, 703, 663
616, 523, 594
748, 749, 734
750, 626, 735
594, 750, 616
680, 527, 686
600, 715, 598
751, 752, 749
753, 754, 750
706, 633, 704
755, 756, 743
743, 757, 755
758, 759, 746
651, 639, 523
760, 761, 752
762, 656, 753
763, 589, 552
764, 765, 755
757, 764, 755
766, 767, 758
522, 753, 594
620, 768, 520
645, 691, 643
539, 769, 764
764, 540, 539
543, 770, 766
524, 762, 522
754, 658, 732
523, 665, 655
771, 530, 761
533, 698, 762
0, 772, 1
3, 773, 4
6, 774, 7
9, 775, 10
12, 776, 13
15, 777, 16
18, 778, 19
21, 779, 22
24, 780, 25
27, 781, 28
30, 782, 31
33, 783, 34
36, 784, 37
39, 785, 40
42, 786, 43
45, 787, 46
48, 788, 49
51, 789, 52
54, 459, 55
57, 77, 58
60, 95, 61
63, 88, 64
66, 79, 67
69, 84, 70
68, 67, 72
74, 82, 75
77, 89, 78
66, 63, 65
80, 60, 62
80, 81, 82
83, 90, 70
85, 91, 86
88, 56, 55
89, 76, 75
57, 59, 90
91, 69, 71
92, 790, 93
95, 73, 72
96, 791, 97
99, 158, 100
102, 143, 103
105, 99, 101
107, 135, 108
110, 126, 111
113, 119, 114
116, 160, 117
119, 194, 120
121, 159, 122
104, 103, 124
113, 115, 126
127, 121, 123
129, 118, 117
105, 106, 131
100, 189, 133
134, 792, 108
111, 126, 136
117, 196, 138
135, 128, 139
103, 143, 140
114, 191, 142
123, 195, 139
130, 138, 140
131, 106, 144
101, 133, 144
146, 185, 147
149, 156, 150
152, 164, 153
155, 150, 156
111, 100, 158
125, 124, 122
102, 129, 130
132, 131, 160
161, 183, 162
164, 166, 165
166, 155, 157
167, 193, 168
170, 175, 171
148, 167, 169
173, 161, 163
175, 186, 176
177, 149, 151
179, 187, 180
182, 162, 183
184, 147, 185
181, 176, 186
178, 170, 172
174, 180, 187
108, 792, 188
100, 111, 137
124, 103, 141
120, 188, 191
160, 131, 145
126, 115, 142
193, 152, 154
108, 120, 194
122, 197, 195
117, 160, 192
124, 190, 197
198, 401, 199
204, 430, 205
207, 458, 208
210, 228, 211
213, 310, 214
216, 233, 217
217, 235, 219
220, 236, 221
212, 211, 223
209, 208, 226
228, 258, 229
230, 293, 231
233, 241, 234
234, 244, 235
236, 245, 237
211, 229, 238
239, 228, 210
241, 271, 242
234, 242, 243
245, 273, 246
247, 360, 248
229, 259, 250
251, 371, 252
227, 226, 256
258, 266, 259
253, 252, 260
257, 256, 264
266, 198, 267
268, 446, 269
271, 280, 272
272, 283, 243
273, 284, 274
259, 267, 224
265, 264, 276
198, 200, 278
279, 431, 270
280, 300, 281
272, 281, 282
284, 290, 285
267, 278, 225
286, 342, 287
289, 313, 282
290, 314, 291
292, 420, 293
278, 299, 294
228, 239, 295
277, 276, 297
200, 307, 299
300, 311, 289
288, 287, 303
298, 297, 305
307, 251, 308
309, 436, 310
311, 323, 312
312, 326, 313
314, 327, 315
299, 308, 316
306, 305, 317
251, 253, 319
320, 452, 321
323, 340, 324
312, 324, 325
327, 331, 328
308, 319, 329
330, 352, 325
331, 353, 332
319, 339, 333
334, 457, 335
318, 317, 337
253, 261, 339
340, 349, 330
341, 426, 342
338, 337, 344
261, 357, 346
249, 248, 347
349, 361, 350
330, 350, 351
353, 363, 354
339, 346, 343
345, 344, 355
357, 204, 358
359, 391, 360
361, 375, 362
362, 377, 351
363, 366, 364
346, 358, 301
365, 357, 261
366, 387, 367
368, 453, 369
358, 374, 302
307, 451, 371
356, 355, 372
204, 206, 374
375, 383, 376
376, 386, 377
336, 335, 240
373, 372, 378
206, 341, 380
348, 347, 381
383, 392, 384
376, 384, 385
387, 394, 388
374, 380, 262
341, 286, 389
390, 432, 391
392, 405, 393
393, 408, 385
394, 409, 395
380, 389, 263
258, 295, 396
379, 378, 397
215, 214, 399
389, 404, 255
266, 396, 401
398, 397, 402
286, 288, 404
405, 416, 406
393, 406, 407
409, 418, 410
304, 303, 411
403, 402, 413
288, 304, 415
400, 399, 322
416, 421, 417
417, 423, 407
418, 424, 419
404, 415, 254
370, 369, 420
421, 437, 422
422, 440, 423
424, 441, 425
415, 429, 296
426, 341, 206
414, 413, 427
304, 412, 429
429, 435, 275
357, 365, 430
431, 279, 432
428, 427, 433
412, 334, 435
382, 381, 436
437, 447, 438
422, 438, 439
441, 449, 442
434, 433, 443
334, 336, 445
232, 231, 446
447, 454, 448
448, 455, 439
449, 456, 450
435, 445, 201
200, 199, 451
452, 320, 453
454, 216, 218
448, 218, 219
456, 220, 222
445, 212, 202
412, 411, 457
444, 443, 458
336, 210, 212
127, 128, 135
85, 87, 459
55, 459, 460
462, 62, 61
64, 793, 464
70, 90, 465
62, 462, 467
58, 513, 468
67, 79, 469
82, 81, 467
90, 59, 468
86, 515, 472
459, 87, 472
473, 509, 474
476, 483, 477
479, 487, 480
482, 490, 483
484, 499, 485
487, 479, 488
489, 488, 490
491, 497, 492
494, 510, 495
475, 474, 497
498, 512, 499
496, 495, 500
478, 477, 502
504, 511, 505
486, 485, 507
508, 507, 509
501, 500, 506
503, 502, 510
511, 504, 512
72, 514, 463
461, 793, 64
78, 518, 513
72, 67, 470
71, 517, 515
65, 464, 469
493, 492, 481
75, 82, 471
70, 466, 517
78, 75, 516
519, 620, 520
525, 703, 526
528, 547, 529
531, 550, 532
534, 632, 535
537, 555, 538
540, 556, 537
541, 558, 542
544, 531, 533
547, 575, 548
549, 578, 550
551, 763, 552
554, 562, 555
556, 794, 554
557, 565, 558
559, 549, 531
560, 699, 532
561, 591, 562
554, 794, 563
564, 593, 565
566, 670, 567
569, 577, 549
570, 579, 571
575, 583, 576
577, 586, 578
579, 669, 580
583, 595, 584
585, 519, 586
587, 599, 588
590, 602, 591
563, 795, 590
592, 605, 593
546, 585, 577
595, 617, 596
597, 620, 519
598, 588, 599
601, 621, 602
590, 795, 603
604, 611, 605
545, 597, 585
606, 625, 607
603, 636, 609
610, 638, 611
612, 551, 553
614, 619, 597
550, 578, 615
617, 627, 618
619, 630, 620
609, 635, 621
624, 607, 625
627, 640, 628
629, 570, 630
631, 535, 632
634, 647, 635
636, 796, 634
637, 650, 638
639, 629, 619
640, 659, 641
642, 579, 570
643, 737, 644
646, 662, 647
634, 796, 648
649, 654, 650
651, 642, 629
648, 797, 652
653, 676, 654
655, 661, 642
656, 698, 657
659, 666, 660
661, 669, 579
652, 673, 662
663, 606, 608
666, 677, 667
668, 680, 669
670, 705, 671
672, 683, 673
652, 797, 674
675, 685, 676
665, 668, 661
677, 692, 678
679, 525, 680
568, 714, 681
682, 696, 683
674, 697, 682
684, 688, 685
623, 679, 668
686, 580, 669
687, 711, 688
689, 742, 690
622, 694, 679
572, 768, 630
692, 700, 693
694, 703, 525
695, 708, 696
697, 798, 695
698, 532, 699
700, 721, 701
702, 663, 703
704, 671, 705
707, 717, 708
695, 798, 709
710, 719, 711
582, 702, 694
712, 606, 663
713, 681, 714
716, 728, 717
709, 799, 716
718, 731, 719
581, 712, 702
578, 586, 720
721, 724, 722
536, 736, 723
574, 726, 712
586, 519, 521
724, 733, 725
726, 625, 606
727, 739, 728
716, 799, 729
730, 741, 731
626, 754, 732
733, 748, 734
735, 626, 625
736, 644, 737
738, 744, 739
729, 745, 738
740, 747, 741
573, 735, 726
742, 612, 613
743, 756, 744
745, 800, 743
746, 759, 747
616, 750, 735
664, 526, 703
748, 751, 749
750, 754, 626
594, 753, 750
680, 525, 527
600, 713, 715
751, 760, 752
753, 656, 754
706, 631, 633
755, 765, 756
743, 800, 757
758, 767, 759
760, 771, 761
762, 698, 656
763, 587, 589
764, 769, 765
757, 801, 764
766, 770, 767
522, 762, 753
620, 630, 768
645, 689, 691
539, 538, 769
764, 801, 540
543, 542, 770
524, 533, 762
754, 656, 658
771, 528, 530
533, 532, 698
