# Project Zomboid Skinned Mesh
# File Version:
1.0
# Model Name:
Vehicle_Wheel.001
# Vertex Stride Element Count:
3
# Vertex Stride Size (in bytes):
76
# Vertex Stride Data:
# (Int)    Offset
# (String) Type
0
VertexArray
12
NormalArray
24
TextureCoordArray
# Vertex Count:
482
# Vertex Buffer:
0.070872, 0.158034, 0.0
0.42219305, 0.90649128, 0.0
0.25679001, 0.71421799
-0.071399, 0.150299, -0.048835
-0.42219305, 0.86211735, -0.28009889
0.383645, 0.27729398
-0.071399, 0.158034, 0.0
-0.42219305, 0.90649128, 0.0
0.25679001, 0.27729398
0.070872, 0.150299, 0.048835
0.42219305, 0.86211735, 0.28009889
0.256789, 0.71421799
-0.071399, 0.158034, 0.0
-0.42219305, 0.90649128, 0.0
0.38364401, 0.27729398
-0.071399, 0.150299, 0.048835
-0.42219305, 0.86211735, 0.28009889
0.256789, 0.27729398
0.070872, 0.150299, -0.048835
0.42219305, 0.86211735, -0.28009889
0.25679001, 0.71421799
-0.071399, 0.12785199, -0.09289
-0.42222357, 0.73335975, -0.53279215
0.383645, 0.27729398
-0.071399, 0.150299, -0.048835
-0.42219305, 0.86211735, -0.28009889
0.25679001, 0.27729398
0.070872, 0.12785199, 0.09289
0.42222357, 0.73335975, 0.53279215
0.256789, 0.71421799
-0.071399, 0.150299, 0.048835
-0.42219305, 0.86211735, 0.28009889
0.38364401, 0.27729398
-0.071399, 0.12785199, 0.09289
-0.42222357, 0.73335975, 0.53279215
0.256789, 0.27729398
0.070872, 0.12785199, -0.09289
0.42222357, 0.73335975, -0.53279215
0.25679001, 0.71421799
-0.071399, 0.09289, -0.12785199
-0.42222357, 0.53279215, -0.73335975
0.383645, 0.27729398
-0.071399, 0.12785199, -0.09289
-0.42222357, 0.73335975, -0.53279215
0.256789, 0.27729398
0.070872, 0.09289, 0.12785199
0.42222357, 0.53282267, 0.73335975
0.256789, 0.71421799
-0.071399, 0.12785199, 0.09289
-0.42222357, 0.73335975, 0.53279215
0.38364401, 0.27729398
-0.071399, 0.09289, 0.12785199
-0.42222357, 0.53282267, 0.73335975
0.256789, 0.27729398
0.070872, 0.048835, 0.150299
0.42219305, 0.28009889, 0.86211735
0.256789, 0.71421799
-0.071399, 0.09289, 0.12785199
-0.42222357, 0.53282267, 0.73335975
0.38364401, 0.27729398
-0.071399, 0.048835, 0.150299
-0.42219305, 0.28009889, 0.86211735
0.25679001, 0.27729398
0.070872, 0.09289, -0.12785199
0.42222357, 0.53279215, -0.73335975
0.25679001, 0.71421799
-0.071399, 0.048835, -0.150299
-0.42222357, 0.28009889, -0.86211735
0.38364401, 0.27729398
-0.071399, 0.09289, -0.12785199
-0.42222357, 0.53279215, -0.73335975
0.256789, 0.27729398
0.070872, 0.048835, -0.150299
0.42222357, 0.28009889, -0.86211735
0.25679001, 0.71421799
-0.071399, 0.0, -0.158034
-0.42219305, 0.0, -0.90649128
0.38364401, 0.27729398
-0.071399, 0.048835, -0.150299
-0.42222357, 0.28009889, -0.86211735
0.256789, 0.27729398
0.070872, 0.0, 0.158034
0.42219305, 0.0, 0.90649128
0.256789, 0.71421799
-0.071399, 0.048835, 0.150299
-0.42219305, 0.28009889, 0.86211735
0.38364401, 0.27729398
-0.071399, 0.0, 0.158034
-0.42219305, 0.0, 0.90649128
0.256789, 0.27729398
0.070872, -0.048835, 0.150299
0.42222357, -0.28009889, 0.86211735
0.256789, 0.71421799
-0.071399, 0.0, 0.158034
-0.42219305, 0.0, 0.90649128
0.383645, 0.27729398
-0.071399, -0.048835, 0.150299
-0.42222357, -0.28009889, 0.86211735
0.256789, 0.27729398
0.070872, 0.0, -0.158034
0.42219305, 0.0, -0.90649128
0.25679001, 0.71421799
-0.071399, -0.048835, -0.150299
-0.42222357, -0.28009889, -0.86211735
0.38364401, 0.27729398
-0.071399, 0.0, -0.158034
-0.42219305, 0.0, -0.90649128
0.256789, 0.27729398
0.070872, -0.048835, -0.150299
0.42222357, -0.28009889, -0.86211735
0.25679001, 0.71421799
-0.071399, -0.09289, -0.12785199
-0.42222357, -0.53279215, -0.73335975
0.38364401, 0.27729398
-0.071399, -0.048835, -0.150299
-0.42222357, -0.28009889, -0.86211735
0.256789, 0.27729398
0.070872, -0.09289, 0.12785199
0.42222357, -0.53279215, 0.73335975
0.256789, 0.71421799
-0.071399, -0.048835, 0.150299
-0.42222357, -0.28009889, 0.86211735
0.38364401, 0.27729398
-0.071399, -0.09289, 0.12785199
-0.42222357, -0.53279215, 0.73335975
0.256789, 0.27729398
0.070872, -0.12785199, 0.09289
0.42222357, -0.73335975, 0.53282267
0.256789, 0.71421799
-0.071399, -0.09289, 0.12785199
-0.42222357, -0.53279215, 0.73335975
0.38364401, 0.27729398
-0.071399, -0.12785199, 0.09289
-0.42222357, -0.73335975, 0.53282267
0.25679001, 0.27729398
0.070872, -0.09289, -0.12785199
0.42222357, -0.53279215, -0.73335975
0.25679001, 0.71421799
-0.071399, -0.12785199, -0.09289
-0.42222357, -0.73335975, -0.53279215
0.38364401, 0.27729398
-0.071399, -0.09289, -0.12785199
-0.42222357, -0.53279215, -0.73335975
0.256789, 0.27729398
0.070872, -0.12785199, -0.09289
0.42222357, -0.73335975, -0.53279215
0.256789, 0.71421799
-0.071399, -0.150299, -0.048835
-0.42219305, -0.86211735, -0.28009889
0.38364401, 0.27729398
-0.071399, -0.12785199, -0.09289
-0.42222357, -0.73335975, -0.53279215
0.256789, 0.27729398
0.070872, -0.150299, 0.048835
0.42219305, -0.86211735, 0.28009889
0.256789, 0.71421799
-0.071399, -0.12785199, 0.09289
-0.42222357, -0.73335975, 0.53282267
0.38364401, 0.27729398
-0.071399, -0.150299, 0.048835
-0.42219305, -0.86211735, 0.28009889
0.256789, 0.27729398
0.070872, -0.158034, 0.0
0.42219305, -0.90649128, 0.0
0.256789, 0.71421799
-0.071399, -0.150299, 0.048835
-0.42219305, -0.86211735, 0.28009889
0.382682, 0.27727997
-0.071399, -0.158034, 0.0
-0.42219305, -0.90649128, 0.0
0.255826, 0.27727997
0.070872, -0.150299, -0.048835
0.42219305, -0.86211735, -0.28009889
0.256789, 0.71421799
-0.071399, -0.158034, 0.0
-0.42219305, -0.90649128, 0.0
0.383643, 0.27729398
-0.071399, -0.150299, -0.048835
-0.42219305, -0.86211735, -0.28009889
0.25678799, 0.27729398
-0.071399, -0.12785199, 0.09289
-0.42222357, -0.73335975, 0.53282267
0.81896502, 0.73174101
-0.081108, -0.085578, 0.117788
-0.95690787, -0.17065951, 0.23490097
0.71350002, 0.79385801
-0.081108, -0.117789, 0.085578
-0.95690787, -0.23490097, 0.17065951
0.79385799, 0.71349999
-0.071399, 0.12785199, -0.09289
-0.42222357, 0.73335975, -0.53279215
0.181035, 0.26825899
-0.081108, 0.085578, -0.117788
-0.95690787, 0.17065951, -0.23490097
0.28650001, 0.20614201
-0.081108, 0.117788, -0.085578
-0.95690787, 0.23490097, -0.17065951
0.20614199, 0.28649998
-0.071399, -0.12785199, -0.09289
-0.42222357, -0.73335975, -0.53279215
0.81896502, 0.26825899
-0.081108, -0.085578, -0.117788
-0.95690787, -0.17065951, -0.23490097
0.71350002, 0.20614201
-0.071399, -0.09289, -0.12785199
-0.42222357, -0.53279215, -0.73335975
0.73174101, 0.18103498
-0.071399, 0.150299, 0.048835
-0.42219305, 0.86211735, 0.28009889
0.125035, 0.62183401
-0.081108, 0.117788, 0.085578
-0.95690787, 0.23490097, 0.17065951
0.20614199, 0.71349999
-0.071399, 0.12785199, 0.09289
-0.42222357, 0.73335975, 0.53279215
0.181035, 0.73174101
-0.071399, 0.0, -0.158034
-0.42219305, 0.0, -0.90649128
0.5, 0.10573798
-0.081108, -0.044991, -0.138469
-0.95690787, -0.08972442, -0.276162
0.61224401, 0.154549
-0.081108, 0.0, -0.145595
-0.95690787, 0.0, -0.29038361
0.5, 0.13677198
-0.071399, 0.158034, 0.0
-0.42219305, 0.90649128, 0.0
0.105738, 0.5
-0.081108, 0.138469, 0.044991
-0.95690787, 0.276162, 0.08972442
0.15455, 0.61224401
-0.071399, -0.048835, 0.150299
-0.42222357, -0.28009889, 0.86211735
0.62183398, 0.874965
-0.071399, -0.09289, 0.12785199
-0.42222357, -0.53279215, 0.73335975
0.73174202, 0.818965
-0.071399, 0.048835, -0.150299
-0.42222357, 0.28009889, -0.86211735
0.37816599, 0.12503499
-0.071399, 0.09289, -0.12785199
-0.42222357, 0.53279215, -0.73335975
0.26825899, 0.18103498
-0.071399, 0.0, 0.158034
-0.42219305, 0.0, 0.90649128
0.5, 0.894262
-0.081108, -0.044991, 0.138469
-0.95690787, -0.08972442, 0.276162
0.61224401, 0.84545
-0.081108, 0.138469, -0.044991
-0.95690787, 0.276162, -0.08972442
0.15455, 0.38775599
-0.081108, 0.145595, 0.0
-0.95690787, 0.29038361, 0.0
0.13677201, 0.5
-0.071399, 0.09289, 0.12785199
-0.42222357, 0.53282267, 0.73335975
0.26825899, 0.818965
-0.081108, 0.085578, 0.117789
-0.95690787, 0.17065951, 0.23490097
0.28650001, 0.79385801
-0.071399, -0.150299, -0.048835
-0.42219305, -0.86211735, -0.28009889
0.87496501, 0.37816602
-0.081108, -0.117788, -0.085578
-0.95690787, -0.23490097, -0.17065951
0.79385799, 0.28649998
-0.071399, 0.150299, -0.048835
-0.42219305, 0.86211735, -0.28009889
0.125035, 0.37816602
-0.071399, -0.048835, -0.150299
-0.42222357, -0.28009889, -0.86211735
0.62183398, 0.12503499
-0.071399, -0.150299, 0.048835
-0.42219305, -0.86211735, 0.28009889
0.87496501, 0.62183401
-0.081108, -0.138469, 0.044991
-0.95690787, -0.276162, 0.08972442
0.845451, 0.61224401
-0.081108, 0.044991, -0.138469
-0.95690787, 0.08972442, -0.276162
0.38775599, 0.15455002
-0.071399, -0.158034, 0.0
-0.42219305, -0.90649128, 0.0
0.89426202, 0.5
-0.081108, -0.138469, -0.044991
-0.95690787, -0.276162, -0.08972442
0.845451, 0.38775599
-0.081108, -0.145595, 0.0
-0.95690787, -0.29038361, 0.0
0.86322802, 0.5
-0.071399, 0.048835, 0.150299
-0.42219305, 0.28009889, 0.86211735
0.378167, 0.874965
-0.081108, 0.044991, 0.138469
-0.95690787, 0.08972442, 0.276162
0.38775599, 0.84545
-0.081108, 0.0, 0.145595
-0.95690787, 0.0, 0.29038361
0.5, 0.86322799
-0.081108, 0.085578, 0.117789
-0.95690787, 0.17065951, 0.23490097
0.77606398, 0.875986
-0.07479, 0.031952, 0.098337
-0.93401897, -0.11038545, -0.33970153
0.626764, 0.877215
-0.081108, 0.044991, 0.138469
-0.95690787, 0.08972442, 0.276162
0.64733398, 0.941577
-0.081108, -0.085578, 0.117788
-0.95690787, -0.17065951, 0.23490097
0.233208, 0.875986
-0.07479, -0.031952, 0.098337
-0.93401897, 0.11038545, -0.33970153
0.38319299, 0.877215
-0.07479, -0.060776, 0.08365
-0.93401897, 0.20993683, -0.28897977
0.27332801, 0.821236
-0.081108, -0.117788, -0.085578
-0.95690787, -0.23490097, -0.17065951
0.131047, 0.23096901
-0.07479, -0.060776, -0.08365
-0.93401897, 0.20993683, 0.28897977
0.27332899, 0.183559
-0.081108, -0.085578, -0.117788
-0.95690787, -0.17065951, -0.23490097
0.233208, 0.12880898
-0.081108, 0.117788, -0.085578
-0.95690787, 0.23490097, -0.17065951
0.87822503, 0.23096901
-0.07479, 0.098337, -0.031952
-0.93401897, -0.33970153, 0.11035493
0.87979501, 0.38061202
-0.081108, 0.138469, -0.044991
-0.95690787, 0.276162, -0.08972442
0.94381601, 0.35969901
-0.07479, 0.08365, 0.060776
-0.93401897, -0.28897977, -0.20993683
0.82381701, 0.734047
-0.07479, 0.060775, 0.08365
-0.93398845, -0.20996734, -0.28897977
0.736628, 0.821236
-0.07479, -0.098337, -0.031952
-0.93401897, 0.33970153, 0.11038545
0.130161, 0.38061202
-0.07479, -0.08365, -0.060776
-0.93401897, 0.28897977, 0.20993683
0.18614, 0.27074701
-0.081108, 0.085578, -0.117788
-0.95690787, 0.17065951, -0.23490097
0.77606398, 0.12880898
-0.07479, 0.08365, -0.060776
-0.93401897, -0.28897977, 0.20993683
0.82381701, 0.27074802
-0.081108, 0.117788, 0.085578
-0.95690787, 0.23490097, 0.17065951
0.87822503, 0.773826
-0.07479, 0.098337, 0.031952
-0.93401897, -0.33970153, -0.11035493
0.87979501, 0.624183
-0.081108, -0.138469, -0.044991
-0.95690787, -0.276162, -0.08972442
0.065456, 0.35969901
-0.07479, -0.103398, 0.0
-0.93401897, 0.35718864, 0.0
0.110872, 0.502397
-0.07479, 0.031952, -0.098337
-0.93401897, -0.11035493, 0.33970153
0.626764, 0.12757999
-0.07479, 0.060776, -0.08365
-0.93401897, -0.20993683, 0.28897977
0.736628, 0.183559
-0.081108, 0.138469, 0.044991
-0.95690787, 0.276162, 0.08972442
0.94381601, 0.645096
-0.07479, 0.103398, 0.0
-0.93401897, -0.35718864, 0.0
0.89908397, 0.50239801
-0.07479, -0.08365, 0.060776
-0.93401897, 0.28897977, -0.20993683
0.18614, 0.734047
-0.081108, -0.117789, 0.085578
-0.95690787, -0.23490097, 0.17065951
0.131047, 0.773825
-0.081108, 0.044991, -0.138469
-0.95690787, 0.08972442, -0.276162
0.64733398, 0.06321698
-0.07479, 0.0, -0.103398
-0.93401897, 0.0, 0.35718864
0.50497901, 0.10829097
-0.081108, 0.145595, 0.0
-0.95690787, 0.29038361, 0.0
0.96641701, 0.502397
-0.07479, -0.098337, 0.031952
-0.93401897, 0.33970153, -0.11038545
0.130161, 0.624183
-0.081108, -0.138469, 0.044991
-0.95690787, -0.276162, 0.08972442
0.065456, 0.645096
-0.081108, -0.044991, -0.138469
-0.95690787, -0.08972442, -0.276162
0.361938, 0.06321698
-0.081108, 0.0, -0.145595
-0.95690787, 0.0, -0.29038361
0.50463599, 0.04061598
-0.081108, -0.145595, 0.0
-0.95690787, -0.29038361, 0.0
0.042855, 0.502397
-0.07479, 0.0, 0.103398
-0.93401897, 0.0, -0.35718864
0.504978, 0.896504
-0.081108, 0.0, 0.145595
-0.95690787, 0.0, 0.29038361
0.50463599, 0.964179
-0.07479, -0.031952, -0.098337
-0.93401897, 0.11038545, 0.33970153
0.38319299, 0.12757999
-0.081108, -0.044991, 0.138469
-0.95690787, -0.08972442, 0.276162
0.361938, 0.941577
-0.070511, 0.0, -0.097483
-0.80947292, 0.0, 0.58714563
0.50525397, 0.13515103
-0.070511, 0.030124, -0.092711
-0.80947292, -0.18143255, 0.55839717
0.61873901, 0.15312499
-0.070511, 0.097483, 0.0
-0.80947292, -0.58714563, 0.0
0.8725, 0.50239801
-0.070511, -0.078865, 0.057299
-0.8094424, 0.47502059, -0.34510329
0.20814499, 0.71825999
-0.070511, -0.092712, 0.030124
-0.8094424, 0.55839717, -0.18143255
0.155981, 0.61588299
-0.070511, -0.030124, -0.092712
-0.8094424, 0.18143255, 0.55839717
0.39176801, 0.15312499
-0.070511, -0.097483, 0.0
-0.80947292, 0.58714563, 0.0
0.138007, 0.502397
-0.070511, 0.030124, 0.092712
-0.8094424, -0.18143255, -0.55839717
0.61873901, 0.85167
-0.070511, 0.0, 0.097483
-0.80947292, 0.0, -0.58714563
0.50525397, 0.869644
-0.070511, -0.057299, -0.078865
-0.8094424, 0.34510329, 0.47502059
0.28939199, 0.20528799
-0.070511, -0.030124, 0.092712
-0.8094424, 0.18143255, -0.55839717
0.39176801, 0.85167
-0.070511, -0.057299, 0.078865
-0.8094424, 0.34510329, -0.47502059
0.28939101, 0.79950599
-0.070511, 0.078865, -0.057299
-0.8094424, -0.47502059, 0.34510329
0.80236298, 0.28653502
-0.070511, 0.092711, -0.030124
-0.80947292, -0.55839717, 0.18143255
0.85452598, 0.38891202
-0.070511, 0.057299, 0.078865
-0.8094424, -0.34513381, -0.47502059
0.72111601, 0.79950599
-0.070511, -0.078865, -0.057299
-0.8094424, 0.47502059, 0.34510329
0.20814499, 0.28653502
-0.070511, 0.078865, 0.057299
-0.8094424, -0.47502059, -0.34510329
0.80236298, 0.71825999
-0.070511, -0.092712, -0.030124
-0.8094424, 0.55839717, 0.18143255
0.155981, 0.38891202
-0.070511, 0.057299, -0.078865
-0.8094424, -0.34510329, 0.47502059
0.72111601, 0.20528799
-0.070511, 0.092711, 0.030124
-0.80947292, -0.55839717, -0.18143255
0.85452598, 0.61588299
-0.070511, 0.092711, -0.030124
-0.80947292, -0.55839717, 0.18143255
0.037482, 0.961557
-0.062924, 0.07043, -0.05117
-0.8763085, -0.38972136, 0.28315073
0.065678, 0.959106
-0.062924, 0.082795, -0.026902
-0.87627798, -0.45814386, 0.14883877
0.051294, 0.948615
-0.070511, 0.057299, 0.078865
-0.8094424, -0.34513381, -0.47502059
0.024461, 0.87309401
-0.062924, 0.07043, 0.05117
-0.8763085, -0.38972136, -0.28315073
0.036343, 0.899152
-0.062924, 0.05117, 0.07043
-0.8763085, -0.28315073, -0.38972136
0.041425, 0.881659
-0.070511, -0.092712, -0.030124
-0.8094424, 0.55839717, 0.18143255
0.16690899, 0.894757
-0.062924, -0.07043, -0.05117
-0.8763085, 0.38972136, 0.28315073
0.148064, 0.915635
-0.070511, -0.078865, -0.057299
-0.8094424, 0.47502059, 0.34510329
0.167027, 0.918902
-0.070511, 0.057299, -0.078865
-0.8094424, -0.34510329, 0.47502059
0.079347, 0.983311
-0.070511, 0.078865, -0.057299
-0.8094424, -0.47502059, 0.34510329
0.056626, 0.975804
-0.070511, 0.092711, 0.030124
-0.80947292, -0.55839717, -0.18143255
0.017114, 0.919344
-0.070511, 0.078865, 0.057299
-0.8094424, -0.47502059, -0.34510329
0.017525, 0.895812
-0.062924, -0.087056, 0.0
-0.8763085, 0.48170415, 0.0
0.14214, 0.880291
-0.062924, -0.082795, -0.026902
-0.8763085, 0.45814386, 0.14883877
0.147882, 0.897481
-0.070511, 0.030124, -0.092711
-0.80947292, -0.18143255, 0.55839717
0.10334, 0.983311
-0.062924, 0.05117, -0.07043
-0.8763085, -0.28315073, 0.38972136
0.0827, 0.964552
-0.062924, 0.087056, 0.0
-0.8763085, -0.48173466, 0.0
0.040996, 0.934156
-0.062924, 0.082795, 0.026902
-0.8763085, -0.45814386, -0.14883877
0.035817, 0.917156
-0.070511, -0.057299, 0.078865
-0.8094424, 0.34510329, -0.47502059
0.103054, 0.831211
-0.062924, -0.07043, 0.05117
-0.8763085, 0.38972136, -0.28315073
0.116791, 0.85527401
-0.070511, -0.078865, 0.057299
-0.8094424, 0.47502059, -0.34510329
0.12571999, 0.83848301
-0.062924, 0.0, -0.087056
-0.8763085, 0.0, 0.48173466
0.117712, 0.958607
-0.062924, 0.026902, -0.082795
-0.87627798, -0.14886929, 0.45817438
0.100645, 0.964385
-0.070511, 0.097483, 0.0
-0.80947292, -0.58714563, 0.0
0.023868, 0.942049
-0.070511, -0.092712, 0.030124
-0.8094424, 0.55839717, -0.18143255
0.14514901, 0.852469
-0.062924, -0.082795, 0.026902
-0.8763085, 0.45814386, -0.14883877
0.131418, 0.865751
-0.070511, -0.030124, -0.092712
-0.8094424, 0.18143255, 0.55839717
0.14561699, 0.96153
-0.070511, 0.0, -0.097483
-0.80947292, 0.0, 0.58714563
0.12619101, 0.975801
-0.070511, -0.097483, 0.0
-0.80947292, 0.58714563, 0.0
0.159361, 0.87186
-0.070511, 0.030124, 0.092712
-0.8094424, -0.18143255, -0.55839717
0.037948, 0.853489
-0.062924, 0.0, 0.087056
-0.8763085, 0.0, -0.48170415
0.065433, 0.85589001
-0.070511, 0.0, 0.097483
-0.80947292, 0.0, -0.58714563
0.056849, 0.83907899
-0.062924, -0.05117, -0.07043
-0.8763085, 0.28315073, 0.38972136
0.14266001, 0.93297
-0.062924, -0.026902, -0.082795
-0.8763085, 0.14883877, 0.45814386
0.13219699, 0.94778
-0.070511, -0.030124, 0.092712
-0.8094424, 0.18143255, -0.55839717
0.079314, 0.83139201
-0.062924, -0.026902, 0.082795
-0.8763085, 0.14883877, -0.45814386
0.082117, 0.850042
-0.062924, 0.026902, 0.082795
-0.8763085, -0.14883877, -0.45814386
0.051428, 0.866787
-0.062924, -0.05117, 0.07043
-0.8763085, 0.28315073, -0.38972136
0.099812, 0.84983499
-0.070511, -0.057299, -0.078865
-0.8094424, 0.34510329, 0.47502059
0.15969101, 0.941917
-0.062924, 0.0, 0.087056
-0.8763085, 0.0, -0.48170415
0.46390101, 0.805904
-0.042499, -0.009725, 0.029929
-0.98620564, 0.05108798, -0.15726188
0.45662001, 0.789194
-0.062924, -0.026902, 0.082795
-0.8763085, 0.14883877, -0.45814386
0.451814, 0.80398899
-0.062924, 0.05117, 0.07043
-0.8763085, -0.28315073, -0.38972136
0.486893, 0.79843301
-0.042499, 0.009725, 0.029929
-0.98620564, -0.05108798, -0.15726188
0.47118199, 0.789194
-0.062924, 0.026902, 0.082795
-0.8763085, -0.14883877, -0.45814386
0.47598901, 0.80398899
-0.062924, -0.05117, 0.07043
-0.8763085, 0.28315073, -0.38972136
0.440909, 0.79843301
-0.042499, -0.025461, -0.018502
-0.98623616, 0.13361004, 0.09707938
0.44484001, 0.752937
-0.062924, -0.05117, -0.07043
-0.8763085, 0.28315073, 0.38972136
0.440909, 0.73514199
-0.062924, -0.07043, -0.05117
-0.8763085, 0.38972136, 0.28315073
0.43225601, 0.74379599
-0.062924, 0.07043, 0.05117
-0.8763085, -0.38972136, -0.28315073
0.495547, 0.78977901
-0.042499, 0.018499, 0.025458
-0.98620564, -0.09717093, -0.13373211
0.47775, 0.78584699
-0.042499, -0.029932, -0.009729
-0.98623616, 0.15710929, 0.05105747
0.441493, 0.759505
-0.062924, -0.082795, -0.026902
-0.8763085, 0.45814386, 0.14883877
0.4267, 0.75470001
-0.062924, 0.05117, -0.07043
-0.8763085, -0.28315073, 0.38972136
0.486893, 0.73514199
-0.042499, 0.025461, -0.018502
-0.98623616, -0.13361004, 0.09707938
0.48296201, 0.752937
-0.062924, 0.07043, -0.05117
-0.8763085, -0.38972136, 0.28315073
0.495547, 0.74379599
-0.062924, 0.082795, 0.026902
-0.8763085, -0.45814386, -0.14883877
0.50110298, 0.77887499
-0.042499, 0.025461, 0.018496
-0.98623616, -0.13373211, -0.09714042
0.48296201, 0.780635
-0.042499, -0.031472, -3e-06
-0.98623616, 0.1652272, 0.0
0.44034001, 0.76678599
-0.062924, -0.087056, 0.0
-0.8763085, 0.48170415, 0.0
0.42478499, 0.76678699
-0.062924, 0.026902, -0.082795
-0.87627798, -0.14886929, 0.45817438
0.47598901, 0.72958601
-0.042499, 0.018499, -0.025465
-0.98623616, -0.09707938, 0.13361004
0.47775, 0.74772501
-0.062924, 0.087056, 0.0
-0.8763085, -0.48173466, 0.0
0.50301701, 0.76678699
-0.042499, 0.029932, 0.009722
-0.98623616, -0.15720084, -0.05105747
0.48630899, 0.774067
-0.042499, -0.018499, 0.025458
-0.98620564, 0.09717093, -0.13373211
0.45005199, 0.78584699
-0.062924, -0.07043, 0.05117
-0.8763085, 0.38972136, -0.28315073
0.43225601, 0.78977901
-0.062924, 0.0, -0.087056
-0.8763085, 0.0, 0.48173466
0.46390101, 0.727671
-0.042499, 0.009725, -0.029935
-0.98626667, -0.05099643, 0.15704826
0.47118199, 0.744378
-0.062924, 0.082795, -0.026902
-0.87627798, -0.45814386, 0.14883877
0.50110298, 0.75470001
-0.042499, 0.031472, -3e-06
-0.98623616, -0.1652272, 0.0
0.48746201, 0.76678599
-0.042499, -0.025461, 0.018496
-0.98623616, 0.13373211, -0.09714042
0.44484001, 0.780635
-0.062924, -0.082795, 0.026902
-0.8763085, 0.45814386, -0.14883877
0.4267, 0.77887499
-0.042499, -0.009725, -0.029935
-0.98626667, 0.05099643, 0.15704826
0.45662001, 0.744378
-0.062924, -0.026902, -0.082795
-0.8763085, 0.14883877, 0.45814386
0.451814, 0.72958601
-0.042499, -0.029932, 0.009722
-0.98623616, 0.15720084, -0.05105747
0.441493, 0.774067
-0.042499, -0.018499, -0.025465
-0.98623616, 0.09707938, 0.13361004
0.45005199, 0.74772501
-0.042499, 0.009725, 0.029929
-0.98620564, -0.05108798, -0.15726188
0.80345601, 0.102301
-0.042499, 0.018499, 0.025458
-0.98620564, -0.09717093, -0.13373211
0.81674701, 0.09552902
-0.044404, 0.0, -0.000151
-0.99996948, 0.0, -0.00027467
0.78912699, 0.05552
-0.042499, -0.018499, 0.025458
-0.98620564, 0.09717093, -0.13373211
0.760701, 0.09552902
-0.042499, -0.009725, 0.029929
-0.98620564, 0.05108798, -0.15726188
0.773992, 0.102301
-0.042499, -0.018499, -0.025465
-0.98623616, 0.09707938, 0.13361004
0.760701, 0.01838899
-0.042499, -0.025461, -0.018502
-0.98623616, 0.13361004, 0.09707938
0.75015402, 0.02893603
-0.042499, 0.029932, -0.009729
-0.98623616, -0.15710929, 0.05105747
0.83406597, 0.04222703
-0.042499, 0.025461, -0.018502
-0.98623616, -0.13361004, 0.09707938
0.82729399, 0.02893603
-0.042499, 0.025461, 0.018496
-0.98623616, -0.13373211, -0.09714042
0.82729399, 0.08498198
-0.042499, -0.029932, -0.009729
-0.98623616, 0.15710929, 0.05105747
0.74338198, 0.04222703
-0.042499, 0.018499, -0.025465
-0.98623616, -0.09707938, 0.13361004
0.81674701, 0.01838899
-0.042499, 0.029932, 0.009722
-0.98623616, -0.15720084, -0.05105747
0.83406597, 0.07169199
-0.042499, -0.031472, -3e-06
-0.98623616, 0.1652272, 0.0
0.74104899, 0.05695897
-0.042499, 0.009725, -0.029935
-0.98626667, -0.05099643, 0.15704826
0.80345601, 0.011617
-0.042499, 0.031472, -3e-06
-0.98623616, -0.1652272, 0.0
0.83639902, 0.05695897
-0.042499, -0.025461, 0.018496
-0.98623616, 0.13373211, -0.09714042
0.75015402, 0.08498198
-0.042499, 0.0, -0.031475
-0.98626667, 0.0, 0.16510513
0.78872401, 0.00928402
-0.042499, -0.029932, 0.009722
-0.98623616, 0.15720084, -0.05105747
0.74338198, 0.07169199
-0.042499, -0.009725, -0.029935
-0.98626667, 0.05099643, 0.15704826
0.773992, 0.011617
-0.042499, 0.0, 0.031469
-0.98620564, 0.0, -0.16534929
0.78872401, 0.10463399
0.070872, -0.12785199, 0.09289
0.42222357, -0.73335975, 0.53282267
0.81896502, 0.73174101
0.080581, -0.085578, 0.117788
0.95690787, -0.17065951, 0.23490097
0.71350002, 0.79385801
0.070872, -0.09289, 0.12785199
0.42222357, -0.53279215, 0.73335975
0.73174202, 0.818965
0.080581, 0.117788, -0.085578
0.95690787, 0.23490097, -0.17065951
0.20614199, 0.28649998
0.070872, 0.09289, -0.12785199
0.42222357, 0.53279215, -0.73335975
0.26825899, 0.18103498
0.070872, 0.12785199, -0.09289
0.42222357, 0.73335975, -0.53279215
0.181035, 0.26825899
0.080581, -0.085578, -0.117788
0.95690787, -0.17065951, -0.23490097
0.71350002, 0.20614201
0.070872, -0.12785199, -0.09289
0.42222357, -0.73335975, -0.53279215
0.81896502, 0.26825899
0.070872, -0.09289, -0.12785199
0.42222357, -0.53279215, -0.73335975
0.73174101, 0.18103498
0.080581, 0.117788, 0.085578
0.95690787, 0.23490097, 0.17065951
0.20614199, 0.71349999
0.070872, 0.150299, 0.048835
0.42219305, 0.86211735, 0.28009889
0.125035, 0.62183401
0.070872, 0.12785199, 0.09289
0.42222357, 0.73335975, 0.53279215
0.181035, 0.73174101
0.070872, 0.0, -0.158034
0.42219305, 0.0, -0.90649128
0.5, 0.10573798
0.080581, -0.044991, -0.138469
0.95690787, -0.08972442, -0.276162
0.61224401, 0.154549
0.070872, -0.048835, -0.150299
0.42222357, -0.28009889, -0.86211735
0.62183398, 0.12503499
0.080581, 0.138469, 0.044991
0.95690787, 0.276162, 0.08972442
0.15455, 0.61224401
0.070872, 0.158034, 0.0
0.42219305, 0.90649128, 0.0
0.105738, 0.5
0.070872, -0.048835, 0.150299
0.42222357, -0.28009889, 0.86211735
0.62183398, 0.874965
0.080581, 0.085578, -0.117788
0.95690787, 0.17065951, -0.23490097
0.28650001, 0.20614201
0.070872, 0.048835, -0.150299
0.42222357, 0.28009889, -0.86211735
0.37816599, 0.12503499
0.080581, -0.044991, 0.138469
0.95690787, -0.08972442, 0.276162
0.61224401, 0.84545
0.070872, 0.0, 0.158034
0.42219305, 0.0, 0.90649128
0.5, 0.894262
0.080581, 0.138469, -0.044991
0.95690787, 0.276162, -0.08972442
0.15455, 0.38775599
0.070872, 0.150299, -0.048835
0.42219305, 0.86211735, -0.28009889
0.125035, 0.37816602
0.070872, 0.09289, 0.12785199
0.42222357, 0.53282267, 0.73335975
0.26825899, 0.818965
0.080581, -0.117788, -0.085578
0.95690787, -0.23490097, -0.17065951
0.79385799, 0.28649998
0.070872, -0.150299, -0.048835
0.42219305, -0.86211735, -0.28009889
0.87496501, 0.37816602
0.070872, -0.150299, 0.048835
0.42219305, -0.86211735, 0.28009889
0.87496501, 0.62183401
0.080581, -0.117789, 0.085578
0.95690787, -0.23490097, 0.17065951
0.79385799, 0.71349999
0.080581, 0.044991, -0.138469
0.95690787, 0.08972442, -0.276162
0.38775599, 0.154549
0.080581, -0.138469, -0.044991
0.95690787, -0.276162, -0.08972442
0.845451, 0.38775599
0.070872, -0.158034, 0.0
0.42219305, -0.90649128, 0.0
0.89426202, 0.5
0.080581, -0.138469, 0.044991
0.95690787, -0.276162, 0.08972442
0.845451, 0.61224401
0.070872, 0.048835, 0.150299
0.42219305, 0.28009889, 0.86211735
0.378167, 0.874965
0.080581, 0.085578, 0.117789
0.95690787, 0.17065951, 0.23490097
0.28650001, 0.79385801
0.080581, 0.044991, 0.138469
0.95690787, 0.08972442, 0.276162
0.38775599, 0.84545
0.041972, 0.029932, 0.009722
0.98623616, -0.15720084, -0.05105747
0.83406597, 0.07169199
0.043877, 0.0, -0.000151
0.99996948, 0.0, -0.00027467
0.78912699, 0.05552
0.041972, 0.031472, -3e-06
0.98623616, -0.1652272, 0.0
0.83639902, 0.05695897
0.041972, -0.009725, 0.029929
0.98620564, 0.05108798, -0.15726188
0.773992, 0.102301
0.041972, 0.0, 0.031469
0.98620564, 0.0, -0.16534929
0.78872401, 0.10463399
0.041972, -0.018499, 0.025458
0.98620564, 0.09717093, -0.13373211
0.760701, 0.09552902
0.041972, -0.025461, -0.018502
0.98623616, 0.13361004, 0.09707938
0.75015402, 0.02893603
0.041972, -0.029932, -0.009729
0.98623616, 0.15710929, 0.05105747
0.74338198, 0.04222703
0.041972, 0.018499, -0.025465
0.98623616, -0.09707938, 0.13361004
0.81674701, 0.01838899
0.041972, 0.009725, -0.029935
0.98626667, -0.05099643, 0.15704826
0.80345601, 0.011617
0.041972, -0.029932, 0.009722
0.98623616, 0.15720084, -0.05105747
0.74338198, 0.07169199
0.041972, -0.025461, 0.018496
0.98623616, 0.13373211, -0.09714042
0.75015402, 0.08498198
0.041972, -0.018499, -0.025465
0.98623616, 0.09707938, 0.13361004
0.760701, 0.01838899
0.041972, 0.025461, -0.018502
0.98623616, -0.13361004, 0.09707938
0.82729399, 0.02893603
0.041972, 0.0, -0.031475
0.98626667, 0.0, 0.16510513
0.78872401, 0.00928402
0.041972, -0.031472, -3e-06
0.98623616, 0.1652272, 0.0
0.74104899, 0.05695897
0.041972, 0.029932, -0.009729
0.98623616, -0.15710929, 0.05105747
0.83406597, 0.04222703
0.041972, 0.025461, 0.018496
0.98623616, -0.13373211, -0.09714042
0.82729399, 0.08498198
0.062397, 0.07043, -0.05117
0.8763085, -0.38972136, 0.28315073
0.495547, 0.74379599
0.041972, 0.029932, -0.009729
0.98623616, -0.15710929, 0.05105747
0.48630899, 0.759505
0.041972, 0.025461, -0.018502
0.98623616, -0.13361004, 0.09707938
0.48296201, 0.752937
0.041972, -0.009725, -0.029935
0.98626667, 0.05099643, 0.15704826
0.773992, 0.011617
0.041972, 0.018499, 0.025458
0.98620564, -0.09717093, -0.13373211
0.81674701, 0.09552902
0.041972, 0.009725, 0.029929
0.98620564, -0.05108798, -0.15726188
0.80345601, 0.102301
-0.042499, 0.029932, -0.009729
-0.98623616, -0.15710929, 0.05105747
0.48630899, 0.759505
0.062397, 0.0, -0.087056
0.8763085, 0.0, 0.48173466
0.46390101, 0.727671
0.041972, -0.009725, -0.029935
0.98626667, 0.05099643, 0.15704826
0.45662001, 0.744378
0.062397, -0.026902, -0.082795
0.8763085, 0.14883877, 0.45814386
0.451814, 0.72958601
0.041972, -0.018499, -0.025465
0.98623616, 0.09707938, 0.13361004
0.45005199, 0.74772501
0.062397, -0.05117, -0.07043
0.8763085, 0.28315073, 0.38972136
0.440909, 0.73514199
0.062397, -0.082795, -0.026902
0.8763085, 0.45814386, 0.14883877
0.4267, 0.75470001
0.041972, -0.031472, -3e-06
0.98623616, 0.1652272, 0.0
0.44034001, 0.76678599
0.062397, -0.087056, 0.0
0.8763085, 0.48170415, 0.0
0.42478499, 0.76678699
0.062397, -0.082795, 0.026902
0.8763085, 0.45814386, -0.14883877
0.4267, 0.77887499
0.041972, -0.025461, 0.018496
0.98623616, 0.13373211, -0.09714042
0.44484001, 0.780635
0.062397, -0.07043, 0.05117
0.8763085, 0.38972136, -0.28315073
0.43225601, 0.78977901
0.062397, 0.026902, -0.082795
0.87627798, -0.14886929, 0.45817438
0.47598901, 0.72958601
0.041972, 0.018499, -0.025465
0.98623616, -0.09707938, 0.13361004
0.47775, 0.74772501
0.041972, 0.009725, -0.029935
0.98626667, -0.05099643, 0.15704826
0.47118199, 0.744378
0.062397, 0.07043, 0.05117
0.8763085, -0.38972136, -0.28315073
0.495547, 0.78977901
0.041972, 0.018499, 0.025458
0.98620564, -0.09717093, -0.13373211
0.47775, 0.78584699
0.041972, 0.025461, 0.018496
0.98623616, -0.13373211, -0.09714042
0.48296201, 0.780635
0.062397, 0.082795, -0.026902
0.87627798, -0.45814386, 0.14883877
0.50110298, 0.75470001
0.041972, 0.031472, -3e-06
0.98623616, -0.1652272, 0.0
0.48746201, 0.76678599
0.062397, -0.07043, -0.05117
0.8763085, 0.38972136, 0.28315073
0.43225601, 0.74379599
0.041972, -0.029932, -0.009729
0.98623616, 0.15710929, 0.05105747
0.441493, 0.759505
0.041972, -0.025461, -0.018502
0.98623616, 0.13361004, 0.09707938
0.44484001, 0.752937
0.062397, 0.05117, -0.07043
0.8763085, -0.28315073, 0.38972136
0.486893, 0.73514199
0.041972, 0.0, -0.031475
0.98626667, 0.0, 0.16510513
0.46390101, 0.74322501
0.062397, -0.05117, 0.07043
0.8763085, 0.28315073, -0.38972136
0.440909, 0.79843301
0.041972, -0.009725, 0.029929
0.98620564, 0.05108798, -0.15726188
0.45662001, 0.789194
0.062397, -0.026902, 0.082795
0.8763085, 0.14883877, -0.45814386
0.451814, 0.80398899
0.041972, -0.018499, 0.025458
0.98620564, 0.09717093, -0.13373211
0.45005199, 0.78584699
0.062397, 0.0, 0.087056
0.8763085, 0.0, -0.48170415
0.46390101, 0.805904
0.041972, 0.009725, 0.029929
0.98620564, -0.05108798, -0.15726188
0.47118199, 0.789194
0.062397, 0.026902, 0.082795
0.8763085, -0.14883877, -0.45814386
0.47598901, 0.80398899
0.062397, 0.05117, 0.07043
0.8763085, -0.28315073, -0.38972136
0.486893, 0.79843301
0.062397, 0.087056, 0.0
0.8763085, -0.48173466, 0.0
0.50301701, 0.76678699
0.041972, 0.029932, 0.009722
0.98623616, -0.15720084, -0.05105747
0.48630899, 0.774067
0.041972, -0.029932, 0.009722
0.98623616, 0.15720084, -0.05105747
0.441493, 0.774067
0.041972, 0.0, 0.031469
0.98620564, 0.0, -0.16534929
0.46390101, 0.79034699
0.062397, 0.082795, 0.026902
0.8763085, -0.45814386, -0.14883877
0.50110298, 0.77887499
0.062397, -0.05117, -0.07043
0.8763085, 0.28315073, 0.38972136
0.14266001, 0.93297
0.069984, -0.078865, -0.057299
0.8094424, 0.47502059, 0.34510329
0.167027, 0.918902
0.069984, -0.057299, -0.078865
0.8094424, 0.34510329, 0.47502059
0.15969101, 0.941917
0.062397, -0.07043, -0.05117
0.8763085, 0.38972136, 0.28315073
0.148064, 0.915635
0.069984, -0.092712, -0.030124
0.8094424, 0.55839717, 0.18143255
0.16690899, 0.894757
0.069984, -0.092712, 0.030124
0.8094424, 0.55839717, -0.18143255
0.14514901, 0.852469
0.062397, -0.07043, 0.05117
0.8763085, 0.38972136, -0.28315073
0.116791, 0.85527401
0.069984, -0.078865, 0.057299
0.8094424, 0.47502059, -0.34510329
0.12571999, 0.83848301
0.069984, 0.030124, 0.092712
0.8094424, -0.18143255, -0.55839717
0.037948, 0.853489
0.062397, 0.05117, 0.07043
0.8763085, -0.28315073, -0.38972136
0.041425, 0.881659
0.069984, 0.057299, 0.078865
0.8094424, -0.34513381, -0.47502059
0.024461, 0.87309401
0.069984, 0.078865, 0.057299
0.8094424, -0.47502059, -0.34510329
0.017525, 0.895812
0.062397, 0.087056, 0.0
0.8763085, -0.48173466, 0.0
0.040996, 0.934156
0.069984, 0.092711, -0.030124
0.80947292, -0.55839717, 0.18143255
0.037482, 0.961557
0.069984, 0.097483, 0.0
0.80947292, -0.58714563, 0.0
0.023868, 0.942049
0.069984, -0.030124, 0.092712
0.8094424, 0.18143255, -0.55839717
0.079314, 0.83139201
0.062397, 0.0, 0.087056
0.8763085, 0.0, -0.48170415
0.065433, 0.85589001
0.069984, 0.0, 0.097483
0.80947292, 0.0, -0.58714563
0.056849, 0.83907899
0.062397, 0.07043, -0.05117
0.8763085, -0.38972136, 0.28315073
0.065678, 0.959106
0.069984, 0.078865, -0.057299
0.8094424, -0.47502059, 0.34510329
0.056626, 0.975804
0.069984, 0.092711, 0.030124
0.80947292, -0.55839717, -0.18143255
0.017114, 0.919344
0.069984, -0.030124, -0.092712
0.8094424, 0.18143255, 0.55839717
0.14561699, 0.96153
0.062397, -0.05117, 0.07043
0.8763085, 0.28315073, -0.38972136
0.099812, 0.84983499
0.069984, -0.057299, 0.078865
0.8094424, 0.34510329, -0.47502059
0.103054, 0.831211
0.069984, 0.030124, -0.092711
0.80947292, -0.18143255, 0.55839717
0.10334, 0.983311
0.062397, 0.0, -0.087056
0.8763085, 0.0, 0.48173466
0.117712, 0.958607
0.069984, 0.0, -0.097483
0.80947292, 0.0, 0.58714563
0.12619101, 0.975801
0.062397, 0.07043, 0.05117
0.8763085, -0.38972136, -0.28315073
0.036343, 0.899152
0.062397, -0.087056, 0.0
0.8763085, 0.48170415, 0.0
0.14214, 0.880291
0.069984, -0.097483, 0.0
0.80947292, 0.58714563, 0.0
0.159361, 0.87186
0.069984, 0.057299, -0.078865
0.8094424, -0.34510329, 0.47502059
0.079347, 0.983311
0.062397, 0.05117, -0.07043
0.8763085, -0.28315073, 0.38972136
0.0827, 0.964552
0.074263, 0.0, 0.103398
0.93401897, 0.0, -0.35718864
0.504978, 0.896504
0.069984, 0.030124, 0.092712
0.8094424, -0.18143255, -0.55839717
0.61873901, 0.85167
0.074263, 0.031952, 0.098337
0.93401897, -0.11038545, -0.33970153
0.626764, 0.877215
0.074263, 0.0, -0.103398
0.93401897, 0.0, 0.35718864
0.50497901, 0.10829097
0.069984, -0.030124, -0.092712
0.8094424, 0.18143255, 0.55839717
0.39176801, 0.15312499
0.074263, -0.031952, -0.098337
0.93401897, 0.11038545, 0.33970153
0.38319299, 0.12757999
0.069984, -0.057299, -0.078865
0.8094424, 0.34510329, 0.47502059
0.28939199, 0.20528799
0.074263, -0.060776, -0.08365
0.93401897, 0.20993683, 0.28897977
0.27332899, 0.183559
0.069984, 0.057299, 0.078865
0.8094424, -0.34513381, -0.47502059
0.72111601, 0.79950599
0.074263, 0.08365, 0.060776
0.93401897, -0.28897977, -0.20993683
0.82381701, 0.734047
0.074263, 0.060775, 0.08365
0.93398845, -0.20996734, -0.28897977
0.736628, 0.821236
0.074263, -0.098337, 0.031952
0.93401897, 0.33970153, -0.11038545
0.130161, 0.624183
0.069984, -0.078865, 0.057299
0.8094424, 0.47502059, -0.34510329
0.20814499, 0.71825999
0.074263, -0.08365, 0.060776
0.93401897, 0.28897977, -0.20993683
0.18614, 0.734047
0.074263, 0.098337, -0.031952
0.93401897, -0.33970153, 0.11035493
0.87979501, 0.38061202
0.069984, 0.078865, -0.057299
0.8094424, -0.47502059, 0.34510329
0.80236298, 0.28653502
0.074263, 0.08365, -0.060776
0.93401897, -0.28897977, 0.20993683
0.82381701, 0.27074802
0.069984, 0.057299, -0.078865
0.8094424, -0.34510329, 0.47502059
0.72111601, 0.20528799
0.074263, 0.031952, -0.098337
0.93401897, -0.11035493, 0.33970153
0.626764, 0.12757999
0.074263, 0.060776, -0.08365
0.93401897, -0.20993683, 0.28897977
0.736628, 0.183559
0.069984, 0.097483, 0.0
0.80947292, -0.58714563, 0.0
0.8725, 0.50239801
0.074263, 0.103398, 0.0
0.93401897, -0.35718864, 0.0
0.89908397, 0.50239801
0.074263, -0.08365, -0.060776
0.93401897, 0.28897977, 0.20993683
0.18614, 0.27074701
0.069984, -0.092712, -0.030124
0.8094424, 0.55839717, 0.18143255
0.155981, 0.38891202
0.074263, -0.103398, 0.0
0.93401897, 0.35718864, 0.0
0.110872, 0.502397
0.074263, -0.098337, -0.031952
0.93401897, 0.33973205, 0.11038545
0.130161, 0.38061202
0.069984, 0.0, -0.097483
0.80947292, 0.0, 0.58714563
0.50525397, 0.13515103
0.069984, -0.030124, 0.092712
0.8094424, 0.18143255, -0.55839717
0.39176801, 0.85167
0.074263, -0.031952, 0.098337
0.93401897, 0.11038545, -0.33970153
0.38319299, 0.877215
0.069984, 0.078865, 0.057299
0.8094424, -0.47502059, -0.34510329
0.80236298, 0.71825999
0.074263, 0.098337, 0.031952
0.93401897, -0.33970153, -0.11035493
0.87979501, 0.624183
0.069984, -0.057299, 0.078865
0.8094424, 0.34510329, -0.47502059
0.28939101, 0.79950599
0.074263, -0.060776, 0.08365
0.93401897, 0.20993683, -0.28897977
0.27332801, 0.821236
0.069984, -0.092712, 0.030124
0.8094424, 0.55839717, -0.18143255
0.155981, 0.61588299
0.069984, -0.078865, -0.057299
0.8094424, 0.47502059, 0.34510329
0.20814499, 0.28653502
0.080581, 0.117788, -0.085578
0.95690787, 0.23490097, -0.17065951
0.87822503, 0.23096901
0.080581, 0.138469, -0.044991
0.95690787, 0.276162, -0.08972442
0.94381601, 0.35969901
0.080581, 0.085578, -0.117788
0.95690787, 0.17065951, -0.23490097
0.77606398, 0.12880898
0.080581, 0.044991, -0.138469
0.95690787, 0.08972442, -0.276162
0.64733398, 0.06321698
0.080581, 0.0, -0.145595
0.95690787, 0.0, -0.29038361
0.50463599, 0.04061598
0.080581, -0.044991, 0.138469
0.95690787, -0.08972442, 0.276162
0.361938, 0.941577
0.080581, 0.0, 0.145595
0.95690787, 0.0, 0.29038361
0.50463599, 0.964179
0.080581, -0.085578, -0.117788
0.95690787, -0.17065951, -0.23490097
0.233208, 0.12880898
0.080581, -0.117788, -0.085578
0.95690787, -0.23490097, -0.17065951
0.131047, 0.23096901
0.080581, -0.085578, 0.117788
0.95690787, -0.17065951, 0.23490097
0.233208, 0.875986
0.080581, -0.117789, 0.085578
0.95690787, -0.23490097, 0.17065951
0.131047, 0.773825
0.080581, 0.044991, 0.138469
0.95690787, 0.08972442, 0.276162
0.64733398, 0.941577
0.080581, 0.138469, 0.044991
0.95690787, 0.276162, 0.08972442
0.94381601, 0.645096
0.080581, 0.145595, 0.0
0.95690787, 0.29038361, 0.0
0.96641701, 0.502397
0.080581, -0.138469, 0.044991
0.95690787, -0.276162, 0.08972442
0.065456, 0.645096
0.080581, -0.145595, 0.0
0.95690787, -0.29038361, 0.0
0.042855, 0.502397
0.080581, 0.085578, 0.117789
0.95690787, 0.17065951, 0.23490097
0.77606398, 0.875986
0.080581, 0.117788, 0.085578
0.95690787, 0.23490097, 0.17065951
0.87822503, 0.773826
0.080581, -0.044991, -0.138469
0.95690787, -0.08972442, -0.276162
0.361938, 0.06321698
0.080581, -0.138469, -0.044991
0.95690787, -0.276162, -0.08972442
0.065456, 0.35969901
0.070872, 0.150299, -0.048835
0.42219305, 0.86211735, -0.28009889
0.383645, 0.71421799
0.070872, 0.158034, 0.0
0.42219305, 0.90649128, 0.0
0.38364401, 0.71421799
0.070872, 0.12785199, -0.09289
0.42222357, 0.73335975, -0.53279215
0.383645, 0.71421799
0.070872, 0.150299, 0.048835
0.42219305, 0.86211735, 0.28009889
0.38364401, 0.71421799
0.070872, 0.09289, -0.12785199
0.42222357, 0.53279215, -0.73335975
0.383645, 0.71421799
0.070872, 0.12785199, 0.09289
0.42222357, 0.73335975, 0.53279215
0.38364401, 0.71421799
0.070872, 0.09289, 0.12785199
0.42222357, 0.53282267, 0.73335975
0.38364401, 0.71421799
0.070872, 0.048835, -0.150299
0.42222357, 0.28009889, -0.86211735
0.38364401, 0.71421799
0.070872, 0.0, -0.158034
0.42219305, 0.0, -0.90649128
0.383645, 0.71421799
0.070872, 0.048835, 0.150299
0.42219305, 0.28009889, 0.86211735
0.38364401, 0.71421799
0.070872, 0.0, 0.158034
0.42219305, 0.0, 0.90649128
0.38364401, 0.71421799
0.070872, -0.048835, -0.150299
0.42222357, -0.28009889, -0.86211735
0.38364401, 0.71421799
0.070872, -0.09289, -0.12785199
0.42222357, -0.53279215, -0.73335975
0.383645, 0.71421799
0.070872, -0.048835, 0.150299
0.42222357, -0.28009889, 0.86211735
0.38364401, 0.71421799
0.070872, -0.09289, 0.12785199
0.42222357, -0.53279215, 0.73335975
0.38364401, 0.71421799
0.070872, -0.12785199, -0.09289
0.42222357, -0.73335975, -0.53279215
0.38364401, 0.71421799
0.070872, -0.150299, -0.048835
0.42219305, -0.86211735, -0.28009889
0.38364401, 0.71421799
0.070872, -0.12785199, 0.09289
0.42222357, -0.73335975, 0.53282267
0.38364401, 0.71421799
0.070872, -0.150299, 0.048835
0.42219305, -0.86211735, 0.28009889
0.38268101, 0.714205
0.070872, -0.158034, 0.0
0.42219305, -0.90649128, 0.0
0.38364401, 0.71421799
-0.042499, 0.0, 0.031469
-0.98620564, 0.0, -0.16534929
0.46390101, 0.79034699
-0.042499, 0.0, -0.031475
-0.98626667, 0.0, 0.16510513
0.46390101, 0.74322501
0.080581, 0.0, -0.145595
0.95690787, 0.0, -0.29038361
0.5, 0.13677198
0.080581, 0.145595, 0.0
0.95690787, 0.29038361, 0.0
0.13677201, 0.5
0.080581, 0.0, 0.145595
0.95690787, 0.0, 0.29038361
0.5, 0.86322799
0.080581, -0.145595, 0.0
0.95690787, -0.29038361, 0.0
0.86322802, 0.5
0.062397, -0.082795, -0.026902
0.8763085, 0.45814386, 0.14883877
0.147882, 0.897481
0.062397, -0.082795, 0.026902
0.8763085, 0.45814386, -0.14883877
0.131418, 0.865751
0.062397, 0.026902, 0.082795
0.8763085, -0.14883877, -0.45814386
0.051428, 0.866787
0.062397, 0.082795, -0.026902
0.87627798, -0.45814386, 0.14883877
0.051294, 0.948615
0.062397, -0.026902, 0.082795
0.8763085, 0.14883877, -0.45814386
0.082117, 0.850042
0.062397, 0.082795, 0.026902
0.8763085, -0.45814386, -0.14883877
0.035817, 0.917156
0.062397, -0.026902, -0.082795
0.8763085, 0.14883877, 0.45814386
0.13219699, 0.94778
0.062397, 0.026902, -0.082795
0.87627798, -0.14886929, 0.45817438
0.100645, 0.964385
0.069984, 0.0, 0.097483
0.80947292, 0.0, -0.58714563
0.50525397, 0.869644
0.069984, 0.092711, -0.030124
0.80947292, -0.55839717, 0.18143255
0.85452598, 0.38891202
0.069984, 0.030124, -0.092711
0.80947292, -0.18143255, 0.55839717
0.61873901, 0.15312499
0.069984, -0.097483, 0.0
0.80947292, 0.58714563, 0.0
0.138007, 0.502397
0.069984, 0.092711, 0.030124
0.80947292, -0.55839717, -0.18143255
0.85452598, 0.61588299
# Number of Faces:
480
# Face Data:
0, 1, 2
3, 4, 5
6, 7, 8
9, 10, 11
12, 13, 14
15, 16, 17
18, 19, 20
21, 22, 23
24, 25, 26
27, 28, 29
30, 31, 32
33, 34, 35
36, 37, 38
39, 40, 41
42, 43, 44
45, 46, 47
48, 49, 50
51, 52, 53
54, 55, 56
57, 58, 59
60, 61, 62
63, 64, 65
66, 67, 68
69, 70, 71
72, 73, 74
75, 76, 69
77, 61, 78
79, 64, 80
81, 82, 77
75, 83, 84
85, 70, 86
87, 88, 66
89, 65, 83
90, 67, 73
91, 62, 92
72, 93, 79
94, 95, 87
94, 92, 96
97, 86, 98
81, 98, 99
100, 101, 102
103, 104, 105
106, 107, 108
109, 110, 111
100, 112, 113
106, 114, 115
116, 117, 109
118, 119, 112
120, 121, 114
116, 122, 123
124, 125, 119
103, 126, 127
128, 129, 122
111, 125, 130
127, 131, 132
133, 129, 134
132, 121, 135
102, 136, 137
108, 138, 133
139, 136, 104
122, 140, 141
110, 142, 125
131, 143, 144
129, 145, 140
121, 144, 146
136, 147, 148
138, 149, 145
136, 150, 104
113, 147, 101
104, 151, 105
115, 149, 107
110, 152, 153
112, 154, 113
114, 155, 115
123, 152, 117
119, 156, 112
121, 157, 114
122, 158, 123
119, 142, 159
105, 143, 126
160, 161, 162
163, 164, 165
166, 167, 168
169, 161, 170
171, 164, 172
166, 173, 174
175, 176, 169
171, 177, 178
179, 180, 181
175, 182, 183
160, 177, 184
185, 180, 186
187, 182, 188
185, 173, 189
190, 191, 192
187, 193, 194
195, 191, 196
190, 165, 197
195, 198, 179
199, 167, 193
200, 201, 202
203, 204, 205
201, 206, 202
207, 208, 209
210, 211, 203
212, 209, 213
214, 215, 216
217, 218, 210
219, 213, 220
221, 222, 214
223, 224, 217
225, 226, 206
227, 228, 221
229, 230, 223
231, 232, 226
233, 227, 234
235, 220, 232
204, 200, 205
236, 234, 208
237, 238, 239
240, 241, 239
242, 243, 239
244, 245, 239
238, 246, 239
243, 247, 239
245, 248, 239
246, 249, 239
247, 250, 239
248, 251, 239
249, 252, 239
253, 240, 239
251, 254, 239
252, 244, 239
255, 253, 239
254, 256, 239
250, 255, 239
257, 237, 239
256, 242, 239
241, 257, 239
258, 259, 260
261, 262, 263
264, 265, 266
267, 268, 269
270, 271, 272
273, 274, 268
259, 275, 260
276, 277, 262
278, 279, 275
274, 280, 281
282, 267, 269
283, 284, 265
281, 261, 263
272, 264, 266
285, 286, 258
287, 270, 277
288, 289, 284
289, 290, 285
291, 292, 282
279, 293, 291
294, 295, 296
297, 295, 298
299, 295, 297
300, 295, 301
302, 295, 303
304, 295, 305
305, 295, 299
306, 295, 300
307, 295, 302
303, 295, 308
301, 295, 309
296, 295, 310
310, 295, 307
311, 295, 294
312, 313, 314
315, 295, 306
316, 295, 311
308, 295, 315
309, 295, 304
298, 295, 317
216, 318, 229
319, 320, 321
321, 322, 323
324, 325, 326
327, 328, 329
330, 331, 332
333, 334, 335
336, 337, 313
338, 339, 324
323, 340, 338
341, 314, 331
319, 332, 342
317, 295, 316
343, 344, 345
329, 346, 343
347, 348, 349
350, 348, 334
351, 352, 337
326, 353, 327
347, 344, 354
355, 335, 352
356, 357, 358
359, 360, 357
361, 362, 363
364, 365, 366
365, 367, 366
368, 369, 370
371, 372, 373
369, 374, 375
376, 368, 370
377, 356, 358
378, 371, 379
362, 379, 363
372, 364, 373
380, 381, 382
383, 376, 367
384, 361, 385
360, 384, 385
374, 386, 375
387, 380, 386
381, 377, 382
388, 389, 390
391, 392, 393
393, 394, 395
396, 397, 398
399, 400, 401
402, 403, 404
405, 406, 407
408, 402, 409
394, 410, 395
411, 412, 413
406, 414, 391
415, 388, 416
417, 418, 397
418, 408, 409
389, 398, 390
404, 405, 407
419, 416, 420
412, 421, 399
422, 413, 410
402, 423, 424
404, 425, 423
426, 391, 427
428, 388, 429
430, 410, 431
401, 432, 433
388, 434, 429
432, 416, 428
435, 409, 436
412, 437, 438
390, 439, 434
440, 418, 435
391, 441, 427
393, 430, 441
442, 412, 438
399, 433, 437
425, 406, 426
439, 397, 440
409, 424, 436
431, 413, 442
401, 419, 420
0, 443, 1
3, 444, 4
6, 445, 7
9, 446, 10
12, 447, 13
15, 448, 16
18, 449, 19
21, 450, 22
24, 451, 25
27, 452, 28
30, 453, 31
33, 454, 34
36, 455, 37
39, 456, 40
42, 457, 43
45, 458, 46
48, 459, 49
51, 460, 52
54, 461, 55
57, 462, 58
60, 78, 61
63, 80, 64
66, 88, 67
69, 76, 70
72, 90, 73
75, 84, 76
77, 82, 61
79, 93, 64
81, 99, 82
75, 89, 83
85, 71, 70
87, 95, 88
89, 63, 65
90, 68, 67
91, 60, 62
72, 74, 93
94, 96, 95
94, 91, 92
97, 85, 86
81, 97, 98
100, 113, 101
103, 139, 104
106, 115, 107
109, 117, 110
100, 118, 112
106, 120, 114
116, 123, 117
118, 124, 119
120, 135, 121
116, 128, 122
124, 130, 125
103, 105, 126
128, 134, 129
111, 110, 125
127, 126, 131
133, 138, 129
132, 131, 121
102, 101, 136
108, 107, 138
139, 137, 136
122, 129, 140
110, 153, 142
131, 126, 143
129, 138, 145
121, 131, 144
136, 101, 147
138, 107, 149
136, 148, 150
113, 154, 147
104, 150, 151
115, 155, 149
110, 117, 152
112, 156, 154
114, 157, 155
123, 158, 152
119, 159, 156
121, 146, 157
122, 141, 158
119, 125, 142
105, 151, 143
160, 170, 161
163, 172, 164
166, 174, 167
169, 176, 161
171, 178, 164
166, 189, 173
175, 183, 176
171, 184, 177
179, 198, 180
175, 188, 182
160, 162, 177
185, 181, 180
187, 194, 182
185, 186, 173
190, 197, 191
187, 199, 193
195, 192, 191
190, 163, 165
195, 196, 198
199, 168, 167
200, 463, 201
203, 211, 204
201, 225, 206
207, 236, 208
210, 218, 211
212, 207, 209
214, 222, 215
217, 224, 218
219, 212, 213
221, 228, 222
223, 230, 224
225, 231, 226
227, 464, 228
229, 318, 230
231, 235, 232
233, 464, 227
235, 219, 220
204, 463, 200
236, 233, 234
258, 286, 259
261, 276, 262
264, 283, 265
267, 273, 268
270, 465, 271
273, 466, 274
259, 278, 275
276, 287, 277
278, 467, 279
274, 466, 280
282, 292, 267
283, 288, 284
281, 280, 261
272, 271, 264
285, 290, 286
287, 465, 270
288, 468, 289
289, 468, 290
291, 293, 292
279, 467, 293
312, 336, 313
216, 215, 318
319, 342, 320
321, 320, 322
324, 339, 325
327, 353, 328
330, 341, 331
333, 350, 334
336, 351, 337
338, 340, 339
323, 322, 340
341, 312, 314
319, 330, 332
343, 346, 344
329, 328, 346
347, 354, 348
350, 349, 348
351, 355, 352
326, 325, 353
347, 345, 344
355, 333, 335
356, 359, 357
359, 469, 360
361, 470, 362
364, 471, 365
365, 383, 367
368, 472, 369
371, 473, 372
369, 472, 374
376, 474, 368
377, 475, 356
378, 473, 371
362, 378, 379
372, 471, 364
380, 476, 381
383, 474, 376
384, 470, 361
360, 469, 384
374, 387, 386
387, 476, 380
381, 475, 377
388, 477, 389
391, 414, 392
393, 392, 394
396, 417, 397
399, 421, 400
402, 478, 403
405, 479, 406
408, 478, 402
394, 422, 410
411, 480, 412
406, 479, 414
415, 477, 388
417, 481, 418
418, 481, 408
389, 396, 398
404, 403, 405
419, 415, 416
412, 480, 421
422, 411, 413
402, 404, 423
404, 407, 425
426, 406, 391
428, 416, 388
430, 395, 410
401, 420, 432
388, 390, 434
432, 420, 416
435, 418, 409
412, 399, 437
390, 398, 439
440, 397, 418
391, 393, 441
393, 395, 430
442, 413, 412
399, 401, 433
425, 407, 406
439, 398, 397
409, 402, 424
431, 410, 413
401, 400, 419
