# Project Zomboid Skinned Mesh
# File Version:
1.0
# Model Name:
LP400_1
# Vertex Stride Element Count:
3
# Vertex Stride Size (in bytes):
76
# Vertex Stride Data:
# (Int)    Offset
# (String) Type
0
VertexArray
12
NormalArray
24
TextureCoordArray
# Vertex Count:
814
# Vertex Buffer:
0.0519405, 0.06470351, 1e-08
0.95757926, -0.28806421, 0.0
0.12877545, 0.90480772
0.05452264, 0.09397851, -0.03053481
0.59965819, -0.76107061, 0.24726096
0.01698321, 0.98459698
0.05452264, 0.09881473, 1.2e-07
0.59962767, -0.80025637, 0.0
0.14142922, 0.98459698
0.06384152, 0.14212051, 2e-08
0.90356153, 0.42838833, 0.0
0.09891012, 0.297948
0.0487175, 0.14873552, -0.04832694
0.35715812, 0.88830227, -0.28861356
0.16264966, 0.16686875
0.0487175, 0.1563895, 3e-08
0.35715812, 0.93401897, 0.0
0.07690889, 0.28761554
0.04003948, 0.0432594, -0.01405615
0.95434433, -0.28400525, 0.09225745
0.12113472, 0.8039791
0.0519405, 0.06470351, 1e-08
0.95757926, -0.28806421, 0.0
0.02962665, 0.88673975
0.04003948, 0.04548534, -6e-08
0.95434433, -0.2985931, 0.0
0.03880745, 0.8039791
0.06384152, 0.09286752, -0.03017496
0.7010712, -0.6781823, 0.22034363
0.22220555, 0.22589421
0.06384152, 0.0976465, 2e-08
0.70104069, -0.71309549, 0.0
0.15144005, 0.32401145
0.05452264, 0.09397851, -0.03053481
0.59965819, -0.76107061, 0.24726096
0.23664394, 0.24076211
0.05452264, 0.09881473, 1.2e-07
0.59962767, -0.80025637, 0.0
0.17028886, 0.33361226
0.0487175, 0.14873552, -0.04832694
0.35715812, 0.88830227, -0.28861356
0.290259, 0.63742745
-0.0487175, 0.1563895, 3e-08
-0.35715812, 0.93401897, 0.0
0.19015221, 0.34575373
0.0487175, 0.1563895, 3e-08
0.35715812, 0.93401897, 0.0
0.19015221, 0.63742745
0.05452264, 0.07994324, -0.05808208
0.59959716, -0.64741963, 0.4703818
0.32866961, 0.17315757
0.0487175, 0.12652153, -0.09192396
0.35715812, 0.7556383, -0.54899746
0.290259, 0.63742745
-0.0487175, 0.14873552, -0.04832694
-0.35715812, 0.88830227, -0.28861356
0.19015221, 0.34575373
0.0487175, 0.14873552, -0.04832694
0.35715812, 0.88830227, -0.28861356
0.19015221, 0.63742745
0.0519405, 0.05234651, -0.03803199
0.95757926, -0.23303933, 0.16931669
0.02963699, 0.90480772
0.05452264, 0.09397851, -0.03053481
0.59965819, -0.76107061, 0.24726096
0.14142922, 0.98459698
0.0519405, 0.06153651, -0.01999496
0.95757926, -0.27396467, 0.08902249
0.12877545, 0.90480772
0.06384152, 0.13516451, -0.04391793
0.90356153, 0.4074221, -0.13235877
0.18059823, 0.18475175
0.0487175, 0.12652153, -0.09192396
0.35715812, 0.7556383, -0.54899746
0.28247121, 0.08059895
0.04003948, 0.03679901, -0.02673543
0.95434433, -0.24158452, 0.17551194
0.12113472, 0.8039791
0.0519405, 0.06153651, -0.01999496
0.95757926, -0.27396467, 0.08902249
0.02962665, 0.88673975
0.04003948, 0.0432594, -0.01405615
0.95434433, -0.28400525, 0.09225745
0.03880745, 0.8039791
0.06384152, 0.11497752, -0.08353595
0.90356153, 0.3465682, -0.25177771
0.29304481, 0.10241139
0.05452264, 0.05808163, -0.07994246
0.59962767, -0.47035128, 0.64741963
0.14142922, 0.98459698
0.05452264, 0.07994324, -0.05808208
0.59959716, -0.64741963, 0.4703818
0.01698321, 0.98459698
0.06384152, 0.08353653, -0.11497797
0.90356153, 0.25180823, -0.3465682
0.42467716, 0.0580219
0.04003948, 0.03679901, -0.02673543
0.95434433, -0.24158452, 0.17551194
0.03880745, 0.8039791
0.0519405, 0.03803251, -0.05234598
0.95757926, -0.16931669, 0.23303933
0.13031544, 0.88673975
0.0519405, 0.05234651, -0.03803199
0.95757926, -0.23303933, 0.16931669
0.02962665, 0.88673975
0.06384152, 0.05739552, -0.07899695
0.70104069, -0.4191412, 0.57689136
0.43393564, 0.11682564
0.06384152, 0.07899752, -0.05739497
0.70101017, -0.57692188, 0.41917172
0.31957626, 0.15482599
0.0487175, 0.09192353, -0.12652196
0.35715812, 0.54899746, -0.7556383
0.290259, 0.63742745
-0.0487175, 0.12652153, -0.09192396
-0.35715812, 0.7556383, -0.54899746
0.19015221, 0.34575373
0.0487175, 0.12652153, -0.09192396
0.35715812, 0.7556383, -0.54899746
0.19015221, 0.63742745
0.04003948, 0.02673585, -0.03679863
0.95434433, -0.17551194, 0.24158452
0.03880745, 0.8039791
0.0519405, 0.01999452, -0.06153696
0.95757926, -0.08899197, 0.27396467
0.13031544, 0.88673975
0.0519405, 0.03803251, -0.05234598
0.95757926, -0.16931669, 0.23303933
0.02962665, 0.88673975
0.06384152, 0.03017452, -0.09286698
0.7010712, -0.22034363, 0.6781823
0.55508929, 0.11587489
0.05452264, 0.05808163, -0.07994246
0.59962767, -0.47035128, 0.64741963
0.43719876, 0.13766563
0.0487175, 0.04832753, -0.14873497
0.35715812, 0.28861356, -0.88830227
0.290259, 0.63742745
-0.0487175, 0.09192353, -0.12652196
-0.35715812, 0.54899746, -0.7556383
0.19015221, 0.34575373
0.0487175, 0.09192353, -0.12652196
0.35715812, 0.54899746, -0.7556383
0.19015221, 0.63742745
0.0519405, 0.01999452, -0.06153696
0.95757926, -0.08899197, 0.27396467
0.12877545, 0.90480772
0.05452264, 0.05808163, -0.07994246
0.59962767, -0.47035128, 0.64741963
0.01698321, 0.98459698
0.0519405, 0.03803251, -0.05234598
0.95757926, -0.16931669, 0.23303933
0.02963699, 0.90480772
0.0487175, 0.04832753, -0.14873497
0.35715812, 0.28861356, -0.88830227
0.56682289, 0.03342736
0.0487175, 0.09192353, -0.12652196
0.35715812, 0.54899746, -0.7556383
0.42093837, 0.03513771
0.06384152, 5.2e-07, -0.09764597
0.70104069, 0.0, 0.71306497
0.6713928, 0.15253365
0.06384152, 0.04391753, -0.13516396
0.90356153, 0.13235877, -0.4074221
0.56386834, 0.05752361
0.05452264, 6.3e-07, -0.09881397
0.59965819, 0.0, 0.80022585
0.66127974, 0.17324877
0.05452264, 0.03053558, -0.09397778
0.59962767, -0.24729148, 0.76107061
0.55171102, 0.13759685
0.0487175, 5.3e-07, -0.15638998
0.35715812, 0.0, -0.93401897
0.290259, 0.63742745
-0.0487175, 0.04832753, -0.14873497
-0.35715812, 0.28861356, -0.88830227
0.19015221, 0.34575373
0.0487175, 0.04832753, -0.14873497
0.35715812, 0.28861356, -0.88830227
0.19015221, 0.63742745
0.0519405, 0.01999452, -0.06153696
0.95757926, -0.08899197, 0.27396467
0.02963699, 0.90480772
0.05452264, 6.3e-07, -0.09881397
0.59965819, 0.0, 0.80022585
0.14142922, 0.98459698
0.05452264, 0.03053558, -0.09397778
0.59962767, -0.24729148, 0.76107061
0.01698321, 0.98459698
0.0487175, 5.3e-07, -0.15638998
0.35715812, 0.0, -0.93401897
0.7080096, 0.07606673
0.04003948, 4.4e-07, -0.04548583
0.95434433, 0.0, 0.29862362
0.12113472, 0.8039791
0.0519405, 0.01999452, -0.06153696
0.95757926, -0.08899197, 0.27396467
0.02962665, 0.88673975
0.04003948, 0.01405569, -0.04325901
0.95437485, -0.09225745, 0.28397474
0.03880745, 0.8039791
0.06384152, -0.03017448, -0.09286699
0.7010712, 0.22034363, 0.6781823
0.77054584, 0.22359461
0.0487175, -0.04832647, -0.148735
0.35715812, -0.28861356, -0.88830227
0.290259, 0.63742745
-0.0487175, 5.3e-07, -0.15638998
-0.35715812, 0.0, -0.93401897
0.19015221, 0.34575373
0.0487175, 5.3e-07, -0.15638998
0.35715812, 0.0, -0.93401897
0.19015221, 0.63742745
0.0519405, -0.01999449, -0.06153697
0.95757926, 0.08899197, 0.27396467
0.02963699, 0.90480772
0.0519405, 5.2e-07, -0.06470299
0.95757926, 0.0, 0.28809473
0.12877545, 0.90480772
0.06384152, 5.3e-07, -0.14211997
0.90359205, 0.0, -0.42838833
0.69776642, 0.0987426
0.0487175, -0.04832647, -0.148735
0.35715812, -0.28861356, -0.88830227
0.83064848, 0.1614641
0.04003948, -0.01405566, -0.04325901
0.95434433, 0.09225745, 0.28397474
0.12113472, 0.8039791
0.0519405, 5.2e-07, -0.06470299
0.95757926, 0.0, 0.28809473
0.02962665, 0.88673975
0.04003948, 4.4e-07, -0.04548583
0.95434433, 0.0, 0.29862362
0.03880745, 0.8039791
0.0519405, -0.01999449, -0.06153697
0.95757926, 0.08899197, 0.27396467
0.12877545, 0.90480772
0.05452264, -0.05808159, -0.07994248
0.59959716, 0.4703818, 0.64741963
0.01698321, 0.98459698
0.05452264, -0.03053553, -0.09397779
0.59962767, 0.24729148, 0.76107061
0.14142922, 0.98459698
0.06384152, -0.08353547, -0.114978
0.90356153, -0.25177771, -0.3465682
0.89663756, 0.29336053
0.06384152, -0.04391747, -0.13516396
0.90356153, -0.13235877, -0.4074221
0.81255913, 0.18016499
0.04003948, -0.01405566, -0.04325901
0.95434433, 0.09225745, 0.28397474
0.03880745, 0.8039791
0.0519405, -0.03803148, -0.052346
0.95757926, 0.16931669, 0.23306985
0.13031544, 0.88673975
0.0519405, -0.01999449, -0.06153697
0.95757926, 0.08899197, 0.27396467
0.02962665, 0.88673975
0.05452264, -0.03053553, -0.09397779
0.59962767, 0.24729148, 0.76107061
0.75560951, 0.23939836
0.06384152, -0.05739448, -0.07899696
0.70101017, 0.4191412, 0.57692188
0.84384537, 0.32103455
0.0487175, -0.09192347, -0.12652199
0.35715812, -0.54899746, -0.7556383
0.290259, 0.63742745
-0.0487175, -0.04832647, -0.148735
-0.35715812, -0.28861356, -0.88830227
0.19015221, 0.34575373
0.0487175, -0.04832647, -0.148735
0.35715812, -0.28861356, -0.88830227
0.19015221, 0.63742745
0.06384152, -0.11497748, -0.08353599
0.90356153, -0.3465682, -0.25180823
0.94124854, 0.42683685
0.0487175, -0.09192347, -0.12652199
0.35715812, -0.54899746, -0.7556383
0.91913629, 0.28220689
0.04003948, -0.02673583, -0.03679863
0.95434433, 0.17551194, 0.24158452
0.03880745, 0.8039791
0.0519405, -0.05234548, -0.038032
0.95757926, 0.23306985, 0.16931669
0.13031544, 0.88673975
0.0519405, -0.03803148, -0.052346
0.95757926, 0.16931669, 0.23306985
0.02962665, 0.88673975
0.06384152, -0.07899749, -0.05739499
0.7010712, 0.57686085, 0.41911069
0.88181251, 0.43669659
0.05452264, -0.05808159, -0.07994248
0.59959716, 0.4703818, 0.64741963
0.82428694, 0.33159375
0.0487175, -0.12652147, -0.09192299
0.35715812, -0.7556383, -0.54899746
0.290259, 0.63742745
-0.0487175, -0.09192347, -0.12652199
-0.35715812, -0.54899746, -0.7556383
0.19015221, 0.34575373
0.0487175, -0.09192347, -0.12652199
0.35715812, -0.54899746, -0.7556383
0.19015221, 0.63742745
0.0519405, -0.05234548, -0.038032
0.95757926, 0.23306985, 0.16931669
0.12877545, 0.90480772
0.0519405, -0.03803148, -0.052346
0.95757926, 0.16931669, 0.23306985
0.02963699, 0.90480772
0.06384152, -0.1351635, -0.04391798
0.90359205, -0.4074221, -0.13235877
0.94163513, 0.56709668
0.05452264, -0.07994197, -0.05808087
0.59965819, 0.64738911, 0.47032076
0.86083305, 0.44037616
0.06384152, -0.09286649, -0.03017397
0.7010712, 0.6781823, 0.22034363
0.88318223, 0.55824447
0.0487175, -0.14873546, -0.048327
0.35715812, -0.88830227, -0.28861356
0.290259, 0.63742745
-0.0487175, -0.12652147, -0.09192299
-0.35715812, -0.7556383, -0.54899746
0.19015221, 0.34575373
0.0487175, -0.12652147, -0.09192299
0.35715812, -0.7556383, -0.54899746
0.19015221, 0.63742745
0.0519405, -0.06153649, -0.01999498
0.95757926, 0.27396467, 0.08902249
0.12877545, 0.90480772
0.05452264, -0.07994197, -0.05808087
0.59965819, 0.64738911, 0.47032076
0.01698321, 0.98459698
0.0519405, -0.05234548, -0.038032
0.95757926, 0.23306985, 0.16931669
0.02963699, 0.90480772
0.0487175, -0.12652147, -0.09192299
0.35715812, -0.7556383, -0.54899746
0.96567369, 0.42341387
0.04003948, -0.04325939, -0.01405617
0.95434433, 0.28400525, 0.09225745
0.12113472, 0.8039791
0.0519405, -0.05234548, -0.038032
0.95757926, 0.23306985, 0.16931669
0.02962665, 0.88673975
0.04003948, -0.03679812, -0.02673545
0.95434433, 0.24155401, 0.17551194
0.03880745, 0.8039791
0.05452264, -0.09397727, -0.03053484
0.59965819, 0.76107061, 0.24726096
0.86126637, 0.55485451
0.06384152, -0.09764551, -2e-08
0.7010712, 0.71306497, 0.0
0.84600264, 0.67420182
0.0487175, -0.15638949, -3e-08
0.35715812, -0.93401897, 0.0
0.290259, 0.63742745
-0.0487175, -0.14873546, -0.048327
-0.35715812, -0.88830227, -0.28861356
0.19015221, 0.34575373
0.0487175, -0.14873546, -0.048327
0.35715812, -0.88830227, -0.28861356
0.19015221, 0.63742745
0.0519405, -0.06470349, -1e-08
0.95757926, 0.28806421, 0.0
0.12877545, 0.90480772
0.05452264, -0.09397727, -0.03053484
0.59965819, 0.76107061, 0.24726096
0.01698321, 0.98459698
0.0519405, -0.06153649, -0.01999498
0.95757926, 0.27396467, 0.08902249
0.02963699, 0.90480772
0.06384152, -0.14211948, -2e-08
0.90359205, -0.42838833, 0.0
0.89904636, 0.70078677
0.0487175, -0.14873546, -0.048327
0.35715812, -0.88830227, -0.28861356
0.96567369, 0.57141483
0.04003948, -0.04325939, -0.01405617
0.95434433, 0.28400525, 0.09225745
0.03880745, 0.8039791
0.0519405, -0.06470349, -1e-08
0.95757926, 0.28806421, 0.0
0.13031544, 0.88673975
0.0519405, -0.06153649, -0.01999498
0.95757926, 0.27396467, 0.08902249
0.02962665, 0.88673975
0.0519405, -0.06153649, 0.01999401
0.95757926, 0.27396467, -0.08902249
0.02963699, 0.90480772
0.05452264, -0.09881349, 9e-08
0.59965819, 0.80022585, 0.0
0.14142922, 0.98459698
0.0487175, -0.14873451, 0.048327
0.35715812, -0.88830227, 0.28861356
0.83488679, 0.8323954
0.0487175, -0.15638949, -3e-08
0.35715812, -0.93401897, 0.0
0.92041337, 0.71146339
0.04003948, -0.04548534, -7e-08
0.95434433, 0.2985931, 0.0
0.03879654, 0.8039791
0.0519405, -0.06153649, 0.01999401
0.95757926, 0.27396467, -0.08902249
0.13031544, 0.88673975
0.0519405, -0.06470349, -1e-08
0.95757926, 0.28806421, 0.0
0.02962665, 0.88673975
0.06384152, -0.0928665, 0.030174
0.7010712, 0.6781823, -0.22034363
0.77476835, 0.77279559
0.05452264, -0.09881349, 9e-08
0.59965819, 0.80022585, 0.0
0.8266964, 0.66410807
0.0487175, -0.14873451, 0.048327
0.35715812, -0.88830227, 0.28861356
0.290259, 0.63742745
-0.0487175, -0.15638949, -3e-08
-0.35715812, -0.93401897, 0.0
0.19015221, 0.34575373
0.0487175, -0.15638949, -3e-08
0.35715812, -0.93401897, 0.0
0.19015221, 0.63742745
0.06384152, -0.11497751, 0.08353601
0.90356153, -0.3465682, 0.25177771
0.70356762, 0.89808926
0.06384152, -0.1351635, 0.04391799
0.90356153, -0.4074221, 0.13235877
0.81664211, 0.81443363
0.04003948, -0.04325853, 0.01405607
0.95434433, 0.28397474, -0.09225745
0.03880745, 0.8039791
0.0519405, -0.05234549, 0.03803205
0.95757926, 0.23303933, -0.16931669
0.13031544, 0.88673975
0.0519405, -0.06153649, 0.01999401
0.95757926, 0.27396467, -0.08902249
0.02962665, 0.88673975
0.06384152, -0.0789965, 0.05739503
0.70104069, 0.57689136, -0.4191412
0.67653137, 0.84460631
0.05452264, -0.07994199, 0.05808113
0.59962767, 0.64741963, -0.47035128
0.66710591, 0.8252264
0.05452264, -0.09397729, 0.03053509
0.59962767, 0.76107061, -0.24729148
0.75975716, 0.75724268
0.0487175, -0.1265215, 0.09192399
0.35715812, -0.7556383, 0.54899746
0.290259, 0.63742745
-0.0487175, -0.14873451, 0.048327
-0.35715812, -0.88830227, 0.28861356
0.19015221, 0.34575373
0.0487175, -0.14873451, 0.048327
0.35715812, -0.88830227, 0.28861356
0.19015221, 0.63742745
0.0519405, -0.06153649, 0.01999401
0.95757926, 0.27396467, -0.08902249
0.12877545, 0.90480772
0.05452264, -0.07994199, 0.05808113
0.59962767, 0.64741963, -0.47035128
0.01698321, 0.98459698
0.05452264, -0.09397729, 0.03053509
0.59962767, 0.76107061, -0.24729148
0.14142922, 0.98459698
0.04003948, -0.02673497, 0.0367985
0.95434433, 0.17551194, -0.24158452
0.12114555, 0.8039791
0.0519405, -0.05234549, 0.03803205
0.95757926, 0.23303933, -0.16931669
0.02963715, 0.88673991
0.04003948, -0.03679813, 0.02673535
0.95434433, 0.24158452, -0.17551194
0.03879654, 0.8039791
0.06384152, -0.08353551, 0.114978
0.90356153, -0.25180823, 0.3465682
0.57010508, 0.94197845
0.06384152, -0.0573945, 0.07899701
0.70104069, 0.4191412, -0.57689136
0.56096303, 0.88211471
0.0487175, -0.0919225, 0.12652199
0.35715812, -0.54899746, 0.7556383
0.290259, 0.63742745
-0.0487175, -0.1265215, 0.09192399
-0.35715812, -0.7556383, 0.54899746
0.19015221, 0.34575373
0.0487175, -0.1265215, 0.09192399
0.35715812, -0.7556383, 0.54899746
0.19015221, 0.63742745
0.0519405, -0.0380315, 0.05234604
0.95757926, 0.16931669, -0.23303933
0.12877545, 0.90480772
0.0519405, -0.05234549, 0.03803205
0.95757926, 0.23303933, -0.16931669
0.02963699, 0.90480772
0.0487175, -0.1265215, 0.09192399
0.35715812, -0.7556383, 0.54899746
0.71453017, 0.92044151
0.05452264, -0.0580804, 0.07994275
0.59962767, 0.47035128, -0.64741963
0.55796325, 0.8614409
0.06384152, -0.03017351, 0.09286701
0.70104069, 0.22034363, -0.6781823
0.43943658, 0.88245887
0.0487175, -0.04832652, 0.14873503
0.35715812, -0.28861356, 0.88830227
0.290259, 0.63742745
-0.0487175, -0.0919225, 0.12652199
-0.35715812, -0.54899746, 0.7556383
0.19015221, 0.34575373
0.0487175, -0.0919225, 0.12652199
0.35715812, -0.54899746, 0.7556383
0.19015221, 0.63742745
0.0519405, -0.01999451, 0.06153702
0.95757926, 0.08899197, -0.27396467
0.12877545, 0.90480772
0.05452264, -0.0580804, 0.07994275
0.59962767, 0.47035128, -0.64741963
0.01698321, 0.98459698
0.0519405, -0.0380315, 0.05234604
0.95757926, 0.16931669, -0.23303933
0.02963699, 0.90480772
0.06384152, -0.04391751, 0.13516402
0.90356153, -0.13235877, 0.4074221
0.42968071, 0.9416925
0.0487175, -0.0919225, 0.12652199
0.35715812, -0.54899746, 0.7556383
0.57334149, 0.96646714
0.04003948, -0.01405568, 0.04325892
0.95434433, 0.09225745, -0.28397474
0.12113472, 0.8039791
0.0519405, -0.0380315, 0.05234604
0.95757926, 0.16931669, -0.23303933
0.02962665, 0.88673975
0.04003948, -0.02673497, 0.0367985
0.95434433, 0.17551194, -0.24158452
0.03880745, 0.8039791
0.0487175, 4.8e-07, 0.15639001
0.35715812, 0.0, 0.93401897
0.290259, 0.63742745
-0.0487175, -0.04832652, 0.14873503
-0.35715812, -0.28861356, 0.88830227
0.19015221, 0.34575373
0.0487175, -0.04832652, 0.14873503
0.35715812, -0.28861356, 0.88830227
0.19015221, 0.63742745
0.0519405, -0.01999451, 0.06153702
0.95757926, 0.08899197, -0.27396467
0.02963699, 0.90480772
0.05452264, 6e-07, 0.09881425
0.59962767, 0.0, -0.80025637
0.14142922, 0.98459698
0.05452264, -0.03053433, 0.09397799
0.59962767, 0.24726096, -0.76107061
0.01698321, 0.98459698
0.06384152, 4.8e-07, 0.14212
0.90359205, 0.0, 0.42838833
0.29613185, 0.89799362
0.0487175, -0.04832652, 0.14873503
0.35715812, -0.28861356, 0.88830227
0.42505449, 0.96600276
0.04003948, -0.01405568, 0.04325892
0.95434433, 0.09225745, -0.28397474
0.03880745, 0.8039791
0.0519405, 5e-07, 0.06470305
0.95757926, 0.0, -0.28806421
0.13031544, 0.88673975
0.0519405, -0.01999451, 0.06153702
0.95757926, 0.08899197, -0.27396467
0.02962665, 0.88673975
0.05452264, -0.03053433, 0.09397799
0.59962767, 0.24726096, -0.76107061
0.44305497, 0.86080888
0.06384152, 4.9e-07, 0.097646
0.70104069, 0.0, -0.71309549
0.32324809, 0.84506395
0.0519405, 0.0199945, 0.06153703
0.95757926, -0.08899197, -0.27396467
0.02963699, 0.90480772
0.0519405, 5e-07, 0.06470305
0.95757926, 0.0, -0.28806421
0.12877545, 0.90480772
0.06384152, 0.04391748, 0.13516402
0.90356153, 0.13235877, 0.4074221
0.18287325, 0.81517777
0.0487175, 4.8e-07, 0.15639001
0.35715812, 0.0, 0.93401897
0.28425071, 0.91965789
0.04003948, 0.01405568, 0.04325893
0.95434433, -0.09225745, -0.28397474
0.12113472, 0.8039791
0.0519405, 5e-07, 0.06470305
0.95757926, 0.0, -0.28806421
0.02962665, 0.88673975
0.04003948, 4.3e-07, 0.04548487
0.95434433, 0.0, -0.2985931
0.03880745, 0.8039791
0.05452264, 6e-07, 0.09881425
0.59962767, 0.0, -0.80025637
0.33375308, 0.82466266
0.06384152, 0.03017449, 0.09286702
0.70104069, -0.22034363, -0.6781823
0.22457999, 0.77336109
0.0487175, 0.04832748, 0.14873506
0.35715812, 0.28861356, 0.88830227
0.290259, 0.63742745
-0.0487175, 4.8e-07, 0.15639001
-0.35715812, 0.0, 0.93401897
0.19015221, 0.34575373
0.0487175, 4.8e-07, 0.15639001
0.35715812, 0.0, 0.93401897
0.19015221, 0.63742745
0.04003948, 0.02673584, 0.0367985
0.95434433, -0.17551194, -0.24158452
0.12113472, 0.8039791
0.0519405, 0.0199945, 0.06153703
0.95757926, -0.08899197, -0.27396467
0.02962665, 0.88673975
0.04003948, 0.01405568, 0.04325893
0.95434433, -0.09225745, -0.28397474
0.03880745, 0.8039791
0.06384152, 0.08353648, 0.11497803
0.90356153, 0.25177771, 0.3465682
0.10050821, 0.70226741
0.05452264, 0.0580816, 0.07994276
0.59962767, -0.47035128, -0.64741963
0.17218909, 0.66544235
0.05452264, 0.03053554, 0.093978
0.59962767, -0.24729148, -0.76107061
0.24021068, 0.75780454
0.0487175, 0.09192449, 0.12652202
0.35715812, 0.54899746, 0.7556383
0.290259, 0.63742745
-0.0487175, 0.04832748, 0.14873506
-0.35715812, 0.28861356, 0.88830227
0.19015221, 0.34575373
0.0487175, 0.04832748, 0.14873506
0.35715812, 0.28861356, 0.88830227
0.19015221, 0.63742745
0.0519405, 0.0199945, 0.06153703
0.95757926, -0.08899197, -0.27396467
0.12877545, 0.90480772
0.05452264, 0.0580816, 0.07994276
0.59962767, -0.47035128, -0.64741963
0.01698321, 0.98459698
0.05452264, 0.03053554, 0.093978
0.59962767, -0.24729148, -0.76107061
0.14142922, 0.98459698
0.0487175, 0.04832748, 0.14873506
0.35715812, 0.28861356, 0.88830227
0.16505095, 0.83216202
0.05452264, 0.07994321, 0.05808115
0.59962767, -0.64741963, -0.47035128
0.13584101, 0.55699408
0.06384152, 0.0573955, 0.07899702
0.70104069, -0.4191412, -0.57689136
0.15315968, 0.67519748
0.0487175, 0.1265225, 0.09192302
0.35715812, 0.7556383, 0.54899746
0.290259, 0.63742745
-0.0487175, 0.09192449, 0.12652202
-0.35715812, 0.54899746, 0.7556383
0.19015221, 0.34575373
0.0487175, 0.09192449, 0.12652202
0.35715812, 0.54899746, 0.7556383
0.19015221, 0.63742745
0.0519405, 0.0523465, 0.03803206
0.95757926, -0.23303933, -0.16931669
0.12877545, 0.90480772
0.0519405, 0.03803249, 0.05234606
0.95757926, -0.16931669, -0.23303933
0.02963699, 0.90480772
0.06384152, 0.11497749, 0.08353605
0.90359205, 0.3465682, 0.25177771
0.05776012, 0.56979129
0.0487175, 0.09192449, 0.12652202
0.35715812, 0.54899746, 0.7556383
0.07861724, 0.71275938
0.04003948, 0.02673584, 0.0367985
0.95434433, -0.17551194, -0.24158452
0.03879654, 0.8039791
0.0519405, 0.0523465, 0.03803206
0.95757926, -0.23303933, -0.16931669
0.13030493, 0.8867396
0.0519405, 0.03803249, 0.05234606
0.95757926, -0.16931669, -0.23303933
0.02963715, 0.88673991
0.06384152, 0.0928675, 0.03017403
0.70104069, -0.6781823, -0.22034363
0.11437052, 0.43938029
0.06384152, 0.0789975, 0.05739505
0.70104069, -0.57689136, -0.4191412
0.11543959, 0.56037837
0.0487175, 0.14873549, 0.04832705
0.35715812, 0.88830227, 0.28861356
0.290259, 0.63742745
-0.0487175, 0.1265225, 0.09192302
-0.35715812, 0.7556383, 0.54899746
0.19015221, 0.34575373
0.0487175, 0.1265225, 0.09192302
0.35715812, 0.7556383, 0.54899746
0.19015221, 0.63742745
0.0519405, 0.0523465, 0.03803206
0.95757926, -0.23303933, -0.16931669
0.02963699, 0.90480772
0.05452264, 0.09397849, 0.03053512
0.59962767, -0.76107061, -0.24729148
0.14142922, 0.98459698
0.05452264, 0.07994321, 0.05808115
0.59962767, -0.64741963, -0.47035128
0.01698321, 0.98459698
0.06384152, 0.13516451, 0.04391702
0.90356153, 0.4074221, 0.13235877
0.05643532, 0.43062085
0.0487175, 0.1265225, 0.09192302
0.35715812, 0.7556383, 0.54899746
0.03392354, 0.57315049
0.04003948, 0.036799, 0.02673536
0.95434433, -0.24158452, -0.17551194
0.03880745, 0.8039791
0.0519405, 0.0615365, 0.01999403
0.95757926, -0.27396467, -0.08902249
0.13031544, 0.88673975
0.0519405, 0.0523465, 0.03803206
0.95757926, -0.23303933, -0.16931669
0.02962665, 0.88673975
0.05452264, 0.09397849, 0.03053512
0.59962767, -0.76107061, -0.24729148
0.01698321, 0.98459698
0.0519405, 0.0615365, 0.01999403
0.95757926, -0.27396467, -0.08902249
0.02963699, 0.90480772
0.0487175, 0.14873549, 0.04832705
0.35715812, 0.88830227, 0.28861356
0.03338361, 0.42729789
0.04003948, 0.0432594, 0.01405521
0.95434433, -0.28400525, -0.09225745
0.03880745, 0.8039791
0.0519405, 0.06470351, 1e-08
0.95757926, -0.28806421, 0.0
0.13031544, 0.88673975
0.0519405, 0.0615365, 0.01999403
0.95757926, -0.27396467, -0.08902249
0.02962665, 0.88673975
0.05452264, 0.09397849, 0.03053512
0.59962767, -0.76107061, -0.24729148
0.13602439, 0.44254351
0.0487175, 0.1563895, 3e-08
0.35715812, 0.93401897, 0.0
0.290259, 0.63742745
-0.0487175, 0.14873549, 0.04832705
-0.35715812, 0.88830227, 0.28861356
0.19015221, 0.34575373
0.0487175, 0.14873549, 0.04832705
0.35715812, 0.88830227, 0.28861356
0.19015221, 0.63742745
0.04003948, 0.04548534, -6e-08
0.95434433, -0.2985931, 0.0
0.74443674, 0.67762882
0.04003948, 0.04360151, -0.00078499
1.0, 0.0, 0.0
0.710334, 0.66294748
0.04003948, 0.0432594, -0.01405615
0.95434433, -0.28400525, 0.09225745
0.6747185, 0.72107884
0.04003948, 0.0432594, 0.01405521
0.95434433, -0.28400525, -0.09225745
0.79763156, 0.6157639
0.04003948, 0.0315085, 0.01595402
1.0, 0.0, 0.0
0.73362267, 0.56487375
0.04003948, 0.02673584, 0.0367985
0.95434433, -0.17551194, -0.24158452
0.83437496, 0.45969474
0.04003948, 0.036799, 0.02673536
0.95434433, -0.24158452, -0.17551194
0.8287158, 0.54062632
0.04003948, 0.01405568, 0.04325893
0.95434433, -0.09225745, -0.28397474
0.81289542, 0.38127971
0.04003948, 0.0159545, 0.03150803
1.0, 0.0, 0.0
0.74066734, 0.45789462
0.04003948, 4.3e-07, 0.04548487
0.95434433, 0.0, -0.2985931
0.76814711, 0.31349546
0.04003948, -0.00078449, 0.04360104
1.0, 0.0, 0.0
0.73019028, 0.35784763
0.04003948, 0.03230551, -0.01755195
1.0, 0.0, 0.0
0.61020076, 0.67602152
0.04003948, 0.03679901, -0.02673543
0.95434433, -0.24158452, 0.17551194
0.59450251, 0.74146733
0.04003948, 0.01696551, -0.00061094
1.0, 0.0, 0.0
0.62322134, 0.56526232
0.04003948, -0.00061049, 0.01696503
1.0, 0.0, 0.0
0.6310643, 0.44441485
0.04003948, -0.01405568, 0.04325892
0.95434433, 0.09225745, -0.28397474
0.70457542, 0.26191056
0.04003948, -0.0175515, 0.032305
1.0, 0.0, 0.0
0.6324808, 0.33288431
0.04003948, 0.02673585, -0.03679863
0.95434433, -0.17551194, 0.24158452
0.51179814, 0.73656705
0.04003948, 0.00061052, -0.01696497
1.0, 0.0, 0.0
0.50793719, 0.55840752
0.04003948, 0.01755152, -0.03230595
1.0, 0.0, 0.0
0.50631475, 0.66973707
0.04003948, -0.0169645, 0.00061005
1.0, 0.0, 0.0
0.51563883, 0.43763477
0.04003948, -0.03679813, 0.02673535
0.95434433, 0.24158452, -0.17551194
0.54454231, 0.22819948
0.04003948, -0.0323055, 0.01755201
1.0, 0.0, 0.0
0.52819663, 0.32706916
0.04003948, 0.01405569, -0.04325901
0.95437485, -0.09225745, 0.28397474
0.43511367, 0.70616978
0.04003948, 0.00078451, -0.04360199
1.0, 0.0, 0.0
0.40900606, 0.64465794
0.04003948, -0.01595449, -0.03150797
1.0, 0.0, 0.0
0.39880088, 0.54500729
0.04003948, -0.0436015, 0.00078505
1.0, 0.0, 0.0
0.42804158, 0.34010583
0.04003948, -0.03150849, -0.01595498
0.99996948, 0.0, 0.0
0.40558636, 0.43811572
0.04003948, -0.04325853, 0.01405607
0.95434433, 0.28397474, -0.09225745
0.4643589, 0.2482332
0.04003948, 4.4e-07, -0.04548583
0.95434433, 0.0, 0.29862362
0.37191522, 0.65492433
0.04003948, -0.01405566, -0.04325901
0.95434433, 0.09225745, 0.28397474
0.32705536, 0.58756825
0.04003948, -0.03679812, -0.02673545
0.95434433, 0.24155401, 0.17551194
0.31250632, 0.42928541
0.04003948, -0.02673583, -0.03679863
0.95434433, 0.17551194, 0.24158452
0.30681497, 0.50941306
0.04003948, -0.04325939, -0.01405617
0.95434433, 0.28400525, 0.09225745
0.34159926, 0.35379291
0.04003948, -0.04548534, -7e-08
0.95434433, 0.2985931, 0.0
0.39439094, 0.29142511
0.04003948, 5.1e-07, -0.01662695
0.78872037, 0.0, -0.61473435
0.8356725, 0.87948092
0.04309848, -0.00898149, -0.008982
0.91930908, -0.27823725, -0.27823725
0.88952684, 0.85831344
0.04003948, -0.01175649, -0.01175696
0.78868985, -0.43470564, -0.43470564
0.88020492, 0.83552375
0.04003948, -0.01662649, -0.0
0.78872037, -0.61473435, 0.0
0.94281822, 0.83565548
0.04309848, -0.0089815, 0.008982
0.91930908, -0.27823725, 0.27823725
0.96412987, 0.88949946
0.04003948, -0.0117565, 0.01175701
0.78868985, -0.43470564, 0.43470564
0.98689789, 0.88012418
0.04003948, 5e-07, 0.01662701
0.78872037, 0.0, 0.61473435
0.98689789, 0.94269714
0.04309848, 0.00898251, 0.008982
0.91930908, 0.27823725, 0.27823725
0.93321842, 0.96460815
0.04003948, 0.01175751, 0.01175702
0.78868985, 0.43470564, 0.43467513
0.942927, 0.98689017
0.04003948, 0.01662651, 0.0
0.78865933, 0.61479539, 0.0
0.87957507, 0.98694536
0.04309848, 0.00898251, -0.008982
0.91930908, 0.27823725, -0.27823725
0.85778803, 0.93307622
0.04309848, 5.1e-07, 0.0
1.0, 0.0, 0.0
0.91123915, 0.91119874
0.04309848, 5.1e-07, -0.01270199
0.91930908, 0.0, -0.39344463
0.85760683, 0.88878975
0.04003948, 0.01175751, -0.01175695
0.78868985, 0.43470564, -0.43467513
0.83511019, 0.94181979
0.04309848, 0.01270251, 0.0
0.91930908, 0.39350566, 0.0
0.8891843, 0.96395819
0.04309848, -0.0127015, -0.0
0.9193396, -0.39344463, 0.0
0.9336105, 0.85768214
-0.06384152, 0.14212051, 2e-08
-0.90356153, 0.42838833, 0.0
0.09891012, 0.297948
-0.0487175, 0.14873552, -0.04832694
-0.35715812, 0.88830227, -0.28861356
0.16264966, 0.16686875
-0.06384152, 0.1351645, -0.04391793
-0.90356153, 0.4074221, -0.13235877
0.18059823, 0.18475175
-0.0487175, 0.12652153, -0.09192396
-0.35715812, 0.7556383, -0.54899746
0.28247121, 0.08059895
-0.06384152, 0.11497752, -0.08353595
-0.90356153, 0.3465682, -0.25177771
0.29304481, 0.10241139
-0.06384152, 0.08353653, -0.11497797
-0.90356153, 0.25180823, -0.3465682
0.42467716, 0.0580219
-0.0487175, 0.04832753, -0.14873497
-0.35715812, 0.28861356, -0.88830227
0.56682289, 0.03342736
-0.06384152, 0.04391753, -0.13516396
-0.90356153, 0.13235877, -0.4074221
0.56386834, 0.05752361
-0.0487175, 5.3e-07, -0.15638998
-0.35715812, 0.0, -0.93401897
0.7080096, 0.07606673
-0.06384152, 5.3e-07, -0.14211997
-0.90359205, 0.0, -0.42838833
0.69776642, 0.0987426
-0.0487175, -0.04832647, -0.148735
-0.35715812, -0.28861356, -0.88830227
0.83064848, 0.1614641
-0.06384152, -0.04391747, -0.13516396
-0.90356153, -0.13235877, -0.4074221
0.81255913, 0.18016499
-0.06384152, -0.08353547, -0.114978
-0.90356153, -0.25177771, -0.3465682
0.89663756, 0.29336053
-0.0487175, -0.09192347, -0.12652199
-0.35715812, -0.54899746, -0.7556383
0.91913629, 0.28220689
-0.06384152, -0.11497748, -0.08353599
-0.90356153, -0.3465682, -0.25180823
0.94124854, 0.42683685
-0.0487175, -0.12652147, -0.09192299
-0.35715812, -0.7556383, -0.54899746
0.96567369, 0.42341387
-0.06384152, -0.1351635, -0.04391798
-0.90359205, -0.4074221, -0.13235877
0.94163513, 0.56709668
-0.0487175, -0.14873546, -0.048327
-0.35715812, -0.88830227, -0.28861356
0.96567369, 0.57141483
-0.06384152, -0.1421195, -2e-08
-0.90359205, -0.42838833, 0.0
0.89904636, 0.70078677
-0.0487175, -0.14873451, 0.048327
-0.35715812, -0.88830227, 0.28861356
0.83488679, 0.8323954
-0.06384152, -0.1351635, 0.04391799
-0.90356153, -0.4074221, 0.13235877
0.81664211, 0.81443363
-0.06384152, -0.11497751, 0.08353601
-0.90356153, -0.3465682, 0.25177771
0.70356762, 0.89808926
-0.0487175, -0.1265215, 0.09192399
-0.35715812, -0.7556383, 0.54899746
0.71453017, 0.92044151
-0.06384152, -0.08353551, 0.114978
-0.90356153, -0.25180823, 0.3465682
0.57010508, 0.94197845
-0.0487175, -0.0919225, 0.12652199
-0.35715812, -0.54899746, 0.7556383
0.57334149, 0.96646714
-0.06384152, -0.04391751, 0.13516402
-0.90356153, -0.13235877, 0.4074221
0.42968071, 0.9416925
-0.0487175, -0.04832652, 0.14873503
-0.35715812, -0.28861356, 0.88830227
0.42505449, 0.96600276
-0.06384152, 4.8e-07, 0.14212
-0.90359205, 0.0, 0.42838833
0.29613185, 0.89799362
-0.0487175, 4.8e-07, 0.15639001
-0.35715812, 0.0, 0.93401897
0.28425071, 0.91965789
-0.06384152, 0.04391748, 0.13516402
-0.90356153, 0.13235877, 0.4074221
0.18287325, 0.81517777
-0.0487175, 0.04832748, 0.14873506
-0.35715812, 0.28861356, 0.88830227
0.16505095, 0.83216202
-0.06384152, 0.08353648, 0.11497803
-0.90356153, 0.25177771, 0.3465682
0.10050821, 0.70226741
-0.0487175, 0.09192449, 0.12652202
-0.35715812, 0.54899746, 0.7556383
0.07861724, 0.71275938
-0.06384152, 0.11497749, 0.08353605
-0.90359205, 0.3465682, 0.25177771
0.05776012, 0.56979129
-0.0487175, 0.1265225, 0.09192302
-0.35715812, 0.7556383, 0.54899746
0.03392354, 0.57315049
-0.06384152, 0.13516451, 0.04391702
-0.90356153, 0.4074221, 0.13235877
0.05643532, 0.43062085
-0.0487175, 0.1563895, 3e-08
-0.35715812, 0.93401897, 0.0
0.07690889, 0.28761554
0.03976679, 0.02901417, -0.00847017
0.00021363, 0.0, -1.0
0.13296187, 0.14123368
0.04159909, 0.0216788, -0.00423547
0.6099124, -0.6862697, -0.39622182
0.1582091, 0.08720827
0.03976679, 0.02167904, -0.00423524
-0.00015259, -0.86602372, -0.49998474
0.16056846, 0.09353215
0.03976679, 0.02167904, -0.00423524
-0.00015259, -0.86602372, -0.49998474
0.16056846, 0.08161271
0.04159909, 0.0216788, 0.00423442
0.60997343, -0.6862697, 0.39616078
0.1266176, 0.03115875
0.03976679, 0.02167904, 0.00423463
-3.052e-05, -0.8659932, 0.50004578
0.13296498, 0.03390902
0.04159909, 0.0290146, 0.00846999
0.60988188, 3.052e-05, 0.79244363
0.06342842, 0.03115875
0.03976679, 0.03634929, 0.00423464
9.156e-05, 0.86602372, 0.49995422
0.02948252, 0.08161855
0.03976679, 0.02901416, 0.00846958
-0.00021363, -6.104e-05, 0.99996948
0.05707731, 0.03391075
0.04159909, 0.03634908, 0.00423442
0.61003447, 0.68620867, 0.39613026
0.03184314, 0.08721161
0.03976679, 0.0363493, -0.00423524
3.052e-05, 0.86602372, -0.49995422
0.05708476, 0.14123583
0.03976679, 0.03634929, 0.00423464
9.156e-05, 0.86602372, 0.49995422
0.02948252, 0.09353215
0.03976679, 0.0363493, -0.00423524
3.052e-05, 0.86602372, -0.49995422
0.06742635, 0.14719552
0.04159909, 0.02901461, -0.0084697
0.6100955, 9.156e-05, -0.79232156
0.12661076, 0.14325774
0.03976679, 0.02901417, -0.00847017
0.00021363, 0.0, -1.0
0.1226271, 0.14719218
0.04159909, 0.03634909, -0.00423546
0.61000395, 0.68617815, -0.39622182
0.06343587, 0.14326149
0.03976679, 0.02901416, 0.00846958
-0.00021363, -6.104e-05, 0.99996948
0.06742263, 0.02700847
0.03976679, 0.02167904, 0.00423463
-3.052e-05, -0.8659932, 0.50004578
0.12262276, 0.02700889
0.03976679, 0.01702148, 0.02497669
0.00021363, 0.9510178, -0.30903041
0.13296187, 0.14123368
0.04159909, 0.01072729, 0.01930894
0.6099124, 0.16476943, -0.77510911
0.1582091, 0.08720827
0.03976679, 0.01072715, 0.01930924
-0.00015259, 0.20789209, -0.97814876
0.16056846, 0.09353215
0.03976679, 0.01072715, 0.01930924
-0.00015259, 0.20789209, -0.97814876
0.16056846, 0.08161271
0.04159909, 0.00267195, 0.02192627
0.60997343, -0.58882409, -0.53025907
0.1266176, 0.03115875
0.03976679, 0.00267181, 0.02192657
-3.052e-05, -0.74315619, -0.66908783
0.13296498, 0.03390902
0.04159909, 0.00091057, 0.0302119
0.60988188, -0.7536546, 0.24491104
0.06342842, 0.03115875
0.03976679, 0.00720516, 0.03587881
9.156e-05, -0.20786157, 0.97814876
0.02948252, 0.08161855
0.03976679, 0.00091082, 0.03021135
-0.00021363, -0.95107883, 0.30890834
0.05707731, 0.03391075
0.04159909, 0.00720531, 0.03587855
0.61003447, -0.16467787, 0.77504808
0.03184314, 0.08721161
0.03976679, 0.0152605, 0.03326148
3.052e-05, 0.74309516, 0.66914886
0.05708476, 0.14123583
0.03976679, 0.00720516, 0.03587881
9.156e-05, -0.20786157, 0.97814876
0.02948252, 0.09353215
0.03976679, 0.0152605, 0.03326148
3.052e-05, 0.74309516, 0.66914886
0.06742635, 0.14719552
0.04159909, 0.01702117, 0.02497726
0.6100955, 0.75356305, -0.24472792
0.12661076, 0.14325774
0.03976679, 0.01702148, 0.02497669
0.00021363, 0.9510178, -0.30903041
0.1226271, 0.14719218
0.04159909, 0.01526065, 0.03326122
0.61000395, 0.58888519, 0.53016752
0.06343587, 0.14326149
0.03976679, 0.00091082, 0.03021135
-0.00021363, -0.95107883, 0.30890834
0.06742263, 0.02700847
0.03976679, 0.00267181, 0.02192657
-3.052e-05, -0.74315619, -0.66908783
0.12262276, 0.02700889
0.03976679, -0.01849432, 0.02390661
0.00021363, 0.5877865, 0.80898464
0.13296187, 0.14123368
0.04159909, -0.01504898, 0.01616905
0.6099124, 0.78811002, -0.08279672
0.1582091, 0.08720827
0.03976679, -0.01504931, 0.016169
-0.00015259, 0.99450666, -0.10452589
0.16056846, 0.09353215
0.03976679, -0.01504931, 0.016169
-0.00015259, 0.99450666, -0.10452589
0.16056846, 0.08161271
0.04159909, -0.02002745, 0.00931676
0.60997343, 0.32233649, -0.72386855
0.1266176, 0.03115875
0.03976679, -0.02002777, 0.00931673
-3.052e-05, 0.40665913, -0.91354108
0.13296498, 0.03390902
0.04159909, -0.02845185, 0.01020199
0.60988188, -0.46583453, -0.6410718
0.06342842, 0.03115875
0.03976679, -0.03189626, 0.01793968
9.156e-05, -0.99450666, 0.10455641
0.02948252, 0.08161855
0.03976679, -0.02845125, 0.01020206
-0.00021363, -0.58769494, -0.80904567
0.05707731, 0.03391075
0.04159909, -0.03189596, 0.01793974
0.61003447, -0.78798789, 0.08285775
0.03184314, 0.08721161
0.03976679, -0.02691779, 0.02479196
3.052e-05, -0.40675068, 0.91351056
0.05708476, 0.14123583
0.03976679, -0.03189626, 0.01793968
9.156e-05, -0.99450666, 0.10455641
0.02948252, 0.09353215
0.03976679, -0.02691779, 0.02479196
3.052e-05, -0.40675068, 0.91351056
0.06742635, 0.14719552
0.04159909, -0.01849495, 0.0239065
0.6100955, 0.46562091, 0.64104128
0.12661076, 0.14325774
0.03976679, -0.01849432, 0.02390661
0.00021363, 0.5877865, 0.80898464
0.1226271, 0.14719218
0.04159909, -0.0269175, 0.02479202
0.61000395, -0.32224494, 0.72389907
0.06343587, 0.14326149
0.03976679, -0.02845125, 0.01020206
-0.00021363, -0.58769494, -0.80904567
0.06742263, 0.02700847
0.03976679, -0.02002777, 0.00931673
-3.052e-05, 0.40665913, -0.91354108
0.12262276, 0.02700889
0.03976679, -0.0284516, -0.01020159
0.00021363, -0.58775598, 0.80901515
0.13296187, 0.14123368
0.04159909, -0.02002807, -0.00931592
0.6099124, 0.32227546, 0.72392958
0.1582091, 0.08720827
0.03976679, -0.02002813, -0.00931624
-0.00015259, 0.40672016, 0.91351056
0.16056846, 0.09353215
0.03976679, -0.02002813, -0.00931624
-0.00015259, 0.40672016, 0.91351056
0.16056846, 0.08161271
0.04159909, -0.01504959, -0.0161682
0.60997343, 0.78804892, 0.08285775
0.1266176, 0.03115875
0.03976679, -0.01504966, -0.01616851
-3.052e-05, 0.99450666, 0.10446486
0.13296498, 0.03390902
0.04159909, -0.01849478, -0.02390673
0.60988188, 0.46574298, -0.64113283
0.06342842, 0.03115875
0.03976679, -0.02691814, -0.02479148
9.156e-05, -0.40675068, -0.91351056
0.02948252, 0.08161855
0.03976679, -0.01849466, -0.02390613
-0.00021363, 0.58784753, -0.80895412
0.05707731, 0.03391075
0.04159909, -0.0269181, -0.02479118
0.61003447, -0.32230598, -0.72380751
0.03184314, 0.08721161
0.03976679, -0.03189661, -0.0179392
3.052e-05, -0.99450666, -0.10455641
0.05708476, 0.14123583
0.03976679, -0.02691814, -0.02479148
9.156e-05, -0.40675068, -0.91351056
0.02948252, 0.09353215
0.03976679, -0.03189661, -0.0179392
3.052e-05, -0.99450666, -0.10455641
0.06742635, 0.14719552
0.04159909, -0.02845168, -0.01020223
0.6100955, -0.46577349, 0.64091921
0.12661076, 0.14325774
0.03976679, -0.0284516, -0.01020159
0.00021363, -0.58775598, 0.80901515
0.1226271, 0.14719218
0.04159909, -0.03189658, -0.01793891
0.61000395, -0.78804892, -0.0827662
0.06343587, 0.14326149
0.03976679, -0.01849466, -0.02390613
-0.00021363, 0.58784753, -0.80895412
0.06742263, 0.02700847
0.03976679, -0.01504966, -0.01616851
-3.052e-05, 0.99450666, 0.10446486
0.12262276, 0.02700889
0.03976679, 0.00091026, -0.03021154
0.00021363, -0.95104831, -0.30896938
0.13296187, 0.14123368
0.04159909, 0.00267095, -0.0219266
0.6099124, -0.58891571, 0.53022856
0.1582091, 0.08720827
0.03976679, 0.00267124, -0.02192676
-0.00015259, -0.74312568, 0.66911834
0.16056846, 0.09353215
0.03976679, 0.00267124, -0.02192676
-0.00015259, -0.74312568, 0.66911834
0.16056846, 0.08161271
0.04159909, 0.01072629, -0.01930926
0.60997343, 0.16470839, 0.77510911
0.1266176, 0.03115875
0.03976679, 0.01072657, -0.01930942
-3.052e-05, 0.20795313, 0.97811824
0.13296498, 0.03390902
0.04159909, 0.01702145, -0.02497716
0.60988188, 0.75368512, 0.24481948
0.06342842, 0.03115875
0.03976679, 0.01525994, -0.03326166
9.156e-05, 0.74309516, -0.66914886
0.02948252, 0.08161855
0.03976679, 0.01702092, -0.02497687
-0.00021363, 0.9510178, 0.30909145
0.05707731, 0.03391075
0.04159909, 0.01525966, -0.03326153
0.61003447, 0.58879358, -0.53019804
0.03184314, 0.08721161
0.03976679, 0.0072046, -0.035879
3.052e-05, -0.20786157, -0.97814876
0.05708476, 0.14123583
0.03976679, 0.01525994, -0.03326166
9.156e-05, 0.74309516, -0.66914886
0.02948252, 0.09353215
0.03976679, 0.0072046, -0.035879
3.052e-05, -0.20786157, -0.97814876
0.06742635, 0.14719552
0.04159909, 0.00091085, -0.03021182
0.6100955, -0.75350201, -0.24491104
0.12661076, 0.14325774
0.03976679, 0.00091026, -0.03021154
0.00021363, -0.95104831, -0.30896938
0.1226271, 0.14719218
0.04159909, 0.00720433, -0.03587888
0.61000395, -0.16476943, -0.77504808
0.06343587, 0.14326149
0.03976679, 0.01702092, -0.02497687
-0.00021363, 0.9510178, 0.30909145
0.06742263, 0.02700847
0.03976679, 0.01072657, -0.01930942
-3.052e-05, 0.20795313, 0.97811824
0.12262276, 0.02700889
-0.0519405, 0.06470351, 1e-08
-0.95757926, -0.28806421, 0.0
0.12877545, 0.90480772
-0.05452264, 0.09397851, -0.03053481
-0.59965819, -0.76107061, 0.24726096
0.01698321, 0.98459698
-0.0519405, 0.06153651, -0.01999496
-0.95757926, -0.27396467, 0.08902249
0.02963699, 0.90480772
-0.0519405, 0.06470351, 1e-08
-0.95757926, -0.28806421, 0.0
0.02962665, 0.88673975
-0.04003948, 0.0432594, -0.01405615
-0.95434433, -0.28400525, 0.09225745
0.12113472, 0.8039791
-0.04003948, 0.04548534, -6e-08
-0.95434433, -0.2985931, 0.0
0.03880745, 0.8039791
-0.06384152, 0.09286752, -0.03017496
-0.7010712, -0.6781823, 0.22034363
0.22220555, 0.22589421
-0.06384152, 0.0976465, 2e-08
-0.70104069, -0.71309549, 0.0
0.15144005, 0.32401145
-0.05452264, 0.09397851, -0.03053481
-0.59965819, -0.76107061, 0.24726096
0.23664394, 0.24076211
-0.05452264, 0.09881473, 1.2e-07
-0.59962767, -0.80025637, 0.0
0.17028886, 0.33361226
-0.05452264, 0.07994324, -0.05808208
-0.59959716, -0.64741963, 0.4703818
0.32866961, 0.17315757
-0.05452264, 0.09397851, -0.03053481
-0.59965819, -0.76107061, 0.24726096
0.14142922, 0.98459698
-0.0519405, 0.05234651, -0.03803199
-0.95757926, -0.23303933, 0.16931669
0.02963699, 0.90480772
-0.0519405, 0.06153651, -0.01999496
-0.95757926, -0.27396467, 0.08902249
0.12877545, 0.90480772
-0.0519405, 0.06153651, -0.01999496
-0.95757926, -0.27396467, 0.08902249
0.02962665, 0.88673975
-0.04003948, 0.03679901, -0.02673543
-0.95434433, -0.24158452, 0.17551194
0.12113472, 0.8039791
-0.04003948, 0.0432594, -0.01405615
-0.95434433, -0.28400525, 0.09225745
0.03880745, 0.8039791
-0.06384152, 0.07899752, -0.05739497
-0.70101017, -0.57692188, 0.41917172
0.31957626, 0.15482599
-0.05452264, 0.05808163, -0.07994246
-0.59962767, -0.47035128, 0.64741963
0.14142922, 0.98459698
-0.0519405, 0.03803251, -0.05234598
-0.95757926, -0.16931669, 0.23303933
0.12877545, 0.90480772
-0.04003948, 0.03679901, -0.02673543
-0.95434433, -0.24158452, 0.17551194
0.03880745, 0.8039791
-0.0519405, 0.03803251, -0.05234598
-0.95757926, -0.16931669, 0.23303933
0.13031544, 0.88673975
-0.04003948, 0.02673585, -0.03679863
-0.95434433, -0.17551194, 0.24158452
0.12113472, 0.8039791
-0.06384152, 0.05739552, -0.07899695
-0.70104069, -0.4191412, 0.57689136
0.43393564, 0.11682564
-0.05452264, 0.05808163, -0.07994246
-0.59962767, -0.47035128, 0.64741963
0.43719876, 0.13766563
-0.04003948, 0.02673585, -0.03679863
-0.95434433, -0.17551194, 0.24158452
0.03880745, 0.8039791
-0.0519405, 0.01999452, -0.06153696
-0.95757926, -0.08899197, 0.27396467
0.13031544, 0.88673975
-0.04003948, 0.01405569, -0.04325901
-0.95437485, -0.09225745, 0.28397474
0.12113472, 0.8039791
-0.06384152, 0.03017452, -0.09286698
-0.7010712, -0.22034363, 0.6781823
0.55508929, 0.11587489
-0.05452264, 0.03053558, -0.09397778
-0.59962767, -0.24729148, 0.76107061
0.55171102, 0.13759685
-0.05452264, 0.05808163, -0.07994246
-0.59962767, -0.47035128, 0.64741963
0.01698321, 0.98459698
-0.0519405, 0.01999452, -0.06153696
-0.95757926, -0.08899197, 0.27396467
0.12877545, 0.90480772
-0.0519405, 0.03803251, -0.05234598
-0.95757926, -0.16931669, 0.23303933
0.02963699, 0.90480772
-0.06384152, 5.2e-07, -0.09764597
-0.70104069, 0.0, 0.71306497
0.6713928, 0.15253365
-0.05452264, 6.3e-07, -0.09881397
-0.59965819, 0.0, 0.80022585
0.66127974, 0.17324877
-0.0519405, 0.01999452, -0.06153696
-0.95757926, -0.08899197, 0.27396467
0.02963699, 0.90480772
-0.05452264, 6.3e-07, -0.09881397
-0.59965819, 0.0, 0.80022585
0.14142922, 0.98459698
-0.0519405, 5.2e-07, -0.06470299
-0.95757926, 0.0, 0.28809473
0.12877545, 0.90480772
-0.0519405, 0.01999452, -0.06153696
-0.95757926, -0.08899197, 0.27396467
0.02962665, 0.88673975
-0.04003948, 4.4e-07, -0.04548583
-0.95434433, 0.0, 0.29862362
0.12113472, 0.8039791
-0.04003948, 0.01405569, -0.04325901
-0.95437485, -0.09225745, 0.28397474
0.03880745, 0.8039791
-0.06384152, -0.03017448, -0.09286699
-0.7010712, 0.22034363, 0.6781823
0.77054584, 0.22359461
-0.05452264, -0.03053553, -0.09397779
-0.59962767, 0.24729148, 0.76107061
0.75560951, 0.23939836
-0.0519405, -0.01999449, -0.06153697
-0.95757926, 0.08899197, 0.27396467
0.02963699, 0.90480772
-0.0519405, 5.2e-07, -0.06470299
-0.95757926, 0.0, 0.28809473
0.02962665, 0.88673975
-0.04003948, -0.01405566, -0.04325901
-0.95434433, 0.09225745, 0.28397474
0.12113472, 0.8039791
-0.04003948, 4.4e-07, -0.04548583
-0.95434433, 0.0, 0.29862362
0.03880745, 0.8039791
-0.0519405, -0.01999449, -0.06153697
-0.95757926, 0.08899197, 0.27396467
0.12877545, 0.90480772
-0.05452264, -0.05808159, -0.07994248
-0.59959716, 0.4703818, 0.64741963
0.01698321, 0.98459698
-0.0519405, -0.03803148, -0.052346
-0.95757926, 0.16931669, 0.23306985
0.02963699, 0.90480772
-0.04003948, -0.01405566, -0.04325901
-0.95434433, 0.09225745, 0.28397474
0.03880745, 0.8039791
-0.0519405, -0.03803148, -0.052346
-0.95757926, 0.16931669, 0.23306985
0.13031544, 0.88673975
-0.04003948, -0.02673583, -0.03679863
-0.95434433, 0.17551194, 0.24158452
0.12113472, 0.8039791
-0.06384152, -0.05739448, -0.07899696
-0.70101017, 0.4191412, 0.57692188
0.84384537, 0.32103455
-0.05452264, -0.05808159, -0.07994248
-0.59959716, 0.4703818, 0.64741963
0.82428694, 0.33159375
-0.04003948, -0.02673583, -0.03679863
-0.95434433, 0.17551194, 0.24158452
0.03880745, 0.8039791
-0.0519405, -0.05234548, -0.038032
-0.95757926, 0.23306985, 0.16931669
0.13031544, 0.88673975
-0.04003948, -0.03679812, -0.02673545
-0.95434433, 0.24155401, 0.17551194
0.12113472, 0.8039791
-0.06384152, -0.07899749, -0.05739499
-0.7010712, 0.57686085, 0.41911069
0.88181251, 0.43669659
-0.05452264, -0.07994197, -0.05808087
-0.59965819, 0.64738911, 0.47032076
0.86083305, 0.44037616
-0.0519405, -0.05234548, -0.038032
-0.95757926, 0.23306985, 0.16931669
0.12877545, 0.90480772
-0.06384152, -0.09286649, -0.03017397
-0.7010712, 0.6781823, 0.22034363
0.88318223, 0.55824447
-0.05452264, -0.09397727, -0.03053484
-0.59965819, 0.76107061, 0.24726096
0.86126637, 0.55485451
-0.05452264, -0.07994197, -0.05808087
-0.59965819, 0.64738911, 0.47032076
0.01698321, 0.98459698
-0.0519405, -0.06153649, -0.01999498
-0.95757926, 0.27396467, 0.08902249
0.12877545, 0.90480772
-0.0519405, -0.05234548, -0.038032
-0.95757926, 0.23306985, 0.16931669
0.02963699, 0.90480772
-0.0519405, -0.05234548, -0.038032
-0.95757926, 0.23306985, 0.16931669
0.02962665, 0.88673975
-0.04003948, -0.04325939, -0.01405617
-0.95434433, 0.28400525, 0.09225745
0.12113472, 0.8039791
-0.04003948, -0.03679812, -0.02673545
-0.95434433, 0.24155401, 0.17551194
0.03880745, 0.8039791
-0.06384152, -0.09764551, -2e-08
-0.7010712, 0.71306497, 0.0
0.84600264, 0.67420182
-0.05452264, -0.09881349, 9e-08
-0.59965819, 0.80022585, 0.0
0.8266964, 0.66410807
-0.05452264, -0.09397727, -0.03053484
-0.59965819, 0.76107061, 0.24726096
0.01698321, 0.98459698
-0.0519405, -0.06470349, -1e-08
-0.95757926, 0.28806421, 0.0
0.12877545, 0.90480772
-0.0519405, -0.06153649, -0.01999498
-0.95757926, 0.27396467, 0.08902249
0.02963699, 0.90480772
-0.04003948, -0.04325939, -0.01405617
-0.95434433, 0.28400525, 0.09225745
0.03880745, 0.8039791
-0.0519405, -0.06470349, -1e-08
-0.95757926, 0.28806421, 0.0
0.13031544, 0.88673975
-0.04003948, -0.04548534, -7e-08
-0.95434433, 0.2985931, 0.0
0.12113472, 0.8039791
-0.05452264, -0.09881349, 9e-08
-0.59965819, 0.80022585, 0.0
0.14142922, 0.98459698
-0.0519405, -0.06153649, 0.01999401
-0.95757926, 0.27396467, -0.08902249
0.02963699, 0.90480772
-0.04003948, -0.04548534, -7e-08
-0.95434433, 0.2985931, 0.0
0.03879654, 0.8039791
-0.0519405, -0.06153649, 0.01999401
-0.95757926, 0.27396467, -0.08902249
0.13031544, 0.88673975
-0.04003948, -0.04325853, 0.01405607
-0.95434433, 0.28397474, -0.09225745
0.12114555, 0.8039791
-0.06384152, -0.0928665, 0.030174
-0.7010712, 0.6781823, -0.22034363
0.77476835, 0.77279559
-0.05452264, -0.09397729, 0.03053509
-0.59962767, 0.76107061, -0.24729148
0.75975716, 0.75724268
-0.04003948, -0.04325853, 0.01405607
-0.95434433, 0.28397474, -0.09225745
0.03880745, 0.8039791
-0.0519405, -0.05234549, 0.03803205
-0.95757926, 0.23303933, -0.16931669
0.13031544, 0.88673975
-0.04003948, -0.03679813, 0.02673535
-0.95434433, 0.24158452, -0.17551194
0.12113472, 0.8039791
-0.06384152, -0.0789965, 0.05739503
-0.70104069, 0.57689136, -0.4191412
0.67653137, 0.84460631
-0.05452264, -0.07994199, 0.05808113
-0.59962767, 0.64741963, -0.47035128
0.66710591, 0.8252264
-0.0519405, -0.06153649, 0.01999401
-0.95757926, 0.27396467, -0.08902249
0.12877545, 0.90480772
-0.05452264, -0.07994199, 0.05808113
-0.59962767, 0.64741963, -0.47035128
0.01698321, 0.98459698
-0.0519405, -0.05234549, 0.03803205
-0.95757926, 0.23303933, -0.16931669
0.02963699, 0.90480772
-0.0519405, -0.05234549, 0.03803205
-0.95757926, 0.23303933, -0.16931669
0.02963715, 0.88673991
-0.04003948, -0.02673497, 0.0367985
-0.95434433, 0.17551194, -0.24158452
0.12114555, 0.8039791
-0.04003948, -0.03679813, 0.02673535
-0.95434433, 0.24158452, -0.17551194
0.03879654, 0.8039791
-0.06384152, -0.0573945, 0.07899701
-0.70104069, 0.4191412, -0.57689136
0.56096303, 0.88211471
-0.05452264, -0.0580804, 0.07994275
-0.59962767, 0.47035128, -0.64741963
0.55796325, 0.8614409
-0.0519405, -0.0380315, 0.05234604
-0.95757926, 0.16931669, -0.23303933
0.12877545, 0.90480772
-0.06384152, -0.03017351, 0.09286701
-0.70104069, 0.22034363, -0.6781823
0.43943658, 0.88245887
-0.05452264, -0.03053433, 0.09397799
-0.59962767, 0.24726096, -0.76107061
0.44305497, 0.86080888
-0.05452264, -0.0580804, 0.07994275
-0.59962767, 0.47035128, -0.64741963
0.01698321, 0.98459698
-0.0519405, -0.01999451, 0.06153702
-0.95757926, 0.08899197, -0.27396467
0.12877545, 0.90480772
-0.0519405, -0.0380315, 0.05234604
-0.95757926, 0.16931669, -0.23303933
0.02963699, 0.90480772
-0.0519405, -0.0380315, 0.05234604
-0.95757926, 0.16931669, -0.23303933
0.02962665, 0.88673975
-0.04003948, -0.01405568, 0.04325892
-0.95434433, 0.09225745, -0.28397474
0.12113472, 0.8039791
-0.04003948, -0.02673497, 0.0367985
-0.95434433, 0.17551194, -0.24158452
0.03880745, 0.8039791
-0.0519405, -0.01999451, 0.06153702
-0.95757926, 0.08899197, -0.27396467
0.02963699, 0.90480772
-0.05452264, 6e-07, 0.09881425
-0.59962767, 0.0, -0.80025637
0.14142922, 0.98459698
-0.0519405, 5e-07, 0.06470305
-0.95757926, 0.0, -0.28806421
0.12877545, 0.90480772
-0.04003948, -0.01405568, 0.04325892
-0.95434433, 0.09225745, -0.28397474
0.03880745, 0.8039791
-0.0519405, 5e-07, 0.06470305
-0.95757926, 0.0, -0.28806421
0.13031544, 0.88673975
-0.04003948, 4.3e-07, 0.04548487
-0.95434433, 0.0, -0.2985931
0.12113472, 0.8039791
-0.06384152, 4.9e-07, 0.097646
-0.70104069, 0.0, -0.71309549
0.32324809, 0.84506395
-0.05452264, 6e-07, 0.09881425
-0.59962767, 0.0, -0.80025637
0.33375308, 0.82466266
-0.0519405, 0.0199945, 0.06153703
-0.95757926, -0.08899197, -0.27396467
0.02963699, 0.90480772
-0.0519405, 5e-07, 0.06470305
-0.95757926, 0.0, -0.28806421
0.02962665, 0.88673975
-0.04003948, 0.01405568, 0.04325893
-0.95434433, -0.09225745, -0.28397474
0.12113472, 0.8039791
-0.04003948, 4.3e-07, 0.04548487
-0.95434433, 0.0, -0.2985931
0.03880745, 0.8039791
-0.06384152, 0.03017449, 0.09286702
-0.70104069, -0.22034363, -0.6781823
0.22457999, 0.77336109
-0.05452264, 0.03053554, 0.093978
-0.59962767, -0.24729148, -0.76107061
0.24021068, 0.75780454
-0.0519405, 0.0199945, 0.06153703
-0.95757926, -0.08899197, -0.27396467
0.02962665, 0.88673975
-0.04003948, 0.02673584, 0.0367985
-0.95434433, -0.17551194, -0.24158452
0.12113472, 0.8039791
-0.04003948, 0.01405568, 0.04325893
-0.95434433, -0.09225745, -0.28397474
0.03880745, 0.8039791
-0.06384152, 0.0573955, 0.07899702
-0.70104069, -0.4191412, -0.57689136
0.15315968, 0.67519748
-0.05452264, 0.0580816, 0.07994276
-0.59962767, -0.47035128, -0.64741963
0.17218909, 0.66544235
-0.0519405, 0.0199945, 0.06153703
-0.95757926, -0.08899197, -0.27396467
0.12877545, 0.90480772
-0.05452264, 0.0580816, 0.07994276
-0.59962767, -0.47035128, -0.64741963
0.01698321, 0.98459698
-0.0519405, 0.03803249, 0.05234606
-0.95757926, -0.16931669, -0.23303933
0.02963699, 0.90480772
-0.05452264, 0.07994321, 0.05808115
-0.59962767, -0.64741963, -0.47035128
0.13584101, 0.55699408
-0.0519405, 0.0523465, 0.03803206
-0.95757926, -0.23303933, -0.16931669
0.12877545, 0.90480772
-0.04003948, 0.02673584, 0.0367985
-0.95434433, -0.17551194, -0.24158452
0.03879654, 0.8039791
-0.0519405, 0.0523465, 0.03803206
-0.95757926, -0.23303933, -0.16931669
0.13030493, 0.8867396
-0.04003948, 0.036799, 0.02673536
-0.95434433, -0.24158452, -0.17551194
0.12114555, 0.8039791
-0.06384152, 0.0789975, 0.05739505
-0.70104069, -0.57689136, -0.4191412
0.11543959, 0.56037837
-0.06384152, 0.0928675, 0.03017403
-0.70104069, -0.6781823, -0.22034363
0.11437052, 0.43938029
-0.05452264, 0.09397849, 0.03053512
-0.59962767, -0.76107061, -0.24729148
0.13602439, 0.44254351
-0.0519405, 0.0523465, 0.03803206
-0.95757926, -0.23303933, -0.16931669
0.02963699, 0.90480772
-0.05452264, 0.09397849, 0.03053512
-0.59962767, -0.76107061, -0.24729148
0.14142922, 0.98459698
-0.0519405, 0.0615365, 0.01999403
-0.95757926, -0.27396467, -0.08902249
0.12877545, 0.90480772
-0.04003948, 0.036799, 0.02673536
-0.95434433, -0.24158452, -0.17551194
0.03880745, 0.8039791
-0.0519405, 0.0615365, 0.01999403
-0.95757926, -0.27396467, -0.08902249
0.13031544, 0.88673975
-0.04003948, 0.0432594, 0.01405521
-0.95434433, -0.28400525, -0.09225745
0.12113472, 0.8039791
-0.05452264, 0.09397849, 0.03053512
-0.59962767, -0.76107061, -0.24729148
0.01698321, 0.98459698
-0.0519405, 0.0615365, 0.01999403
-0.95757926, -0.27396467, -0.08902249
0.02963699, 0.90480772
-0.04003948, 0.0432594, 0.01405521
-0.95434433, -0.28400525, -0.09225745
0.03880745, 0.8039791
-0.0519405, 0.06470351, 1e-08
-0.95757926, -0.28806421, 0.0
0.13031544, 0.88673975
-0.04003948, 0.04548534, -6e-08
-0.95434433, -0.2985931, 0.0
0.12113472, 0.8039791
-0.04003948, 0.04548534, -6e-08
-0.95434433, -0.2985931, 0.0
0.74443674, 0.67762882
-0.04003948, 0.04360151, -0.00078499
-1.0, 0.0, 0.0
0.710334, 0.66294748
-0.04003948, 0.0432594, 0.01405521
-0.95434433, -0.28400525, -0.09225745
0.79763156, 0.6157639
-0.04003948, 0.0315085, 0.01595402
-1.0, 0.0, 0.0
0.73362267, 0.56487375
-0.04003948, 0.036799, 0.02673536
-0.95434433, -0.24158452, -0.17551194
0.8287158, 0.54062632
-0.04003948, 0.02673584, 0.0367985
-0.95434433, -0.17551194, -0.24158452
0.83437496, 0.45969474
-0.04003948, 0.0159545, 0.03150803
-1.0, 0.0, 0.0
0.74066734, 0.45789462
-0.04003948, 0.01405568, 0.04325893
-0.95434433, -0.09225745, -0.28397474
0.81289542, 0.38127971
-0.04003948, -0.00078449, 0.04360104
-1.0, 0.0, 0.0
0.73019028, 0.35784763
-0.04003948, 4.3e-07, 0.04548487
-0.95434433, 0.0, -0.2985931
0.76814711, 0.31349546
-0.04003948, 0.0432594, -0.01405615
-0.95434433, -0.28400525, 0.09225745
0.6747185, 0.72107884
-0.04003948, 0.03230551, -0.01755195
-1.0, 0.0, 0.0
0.61020076, 0.67602152
-0.04003948, 0.01696551, -0.00061094
-1.0, 0.0, 0.0
0.62322134, 0.56526232
-0.04003948, -0.00061049, 0.01696503
-1.0, 0.0, 0.0
0.6310643, 0.44441485
-0.04003948, -0.0175515, 0.032305
-1.0, 0.0, 0.0
0.6324808, 0.33288431
-0.04003948, -0.01405568, 0.04325892
-0.95434433, 0.09225745, -0.28397474
0.70457542, 0.26191056
-0.04003948, 0.02673585, -0.03679863
-0.95434433, -0.17551194, 0.24158452
0.51179814, 0.73656705
-0.04003948, 0.03679901, -0.02673543
-0.95434433, -0.24158452, 0.17551194
0.59450251, 0.74146733
-0.04003948, 0.00061052, -0.01696497
-1.0, 0.0, 0.0
0.50793719, 0.55840752
-0.04003948, -0.0169645, 0.00061005
-1.0, 0.0, 0.0
0.51563883, 0.43763477
-0.04003948, -0.03679813, 0.02673535
-0.95434433, 0.24158452, -0.17551194
0.54454231, 0.22819948
-0.04003948, -0.02673497, 0.0367985
-0.95434433, 0.17551194, -0.24158452
0.62733597, 0.2317332
-0.04003948, 0.01405569, -0.04325901
-0.95437485, -0.09225745, 0.28397474
0.43511367, 0.70616978
-0.04003948, 0.01755152, -0.03230595
-1.0, 0.0, 0.0
0.50631475, 0.66973707
-0.04003948, 0.00078451, -0.04360199
-1.0, 0.0, 0.0
0.40900606, 0.64465794
-0.04003948, -0.01595449, -0.03150797
-1.0, 0.0, 0.0
0.39880088, 0.54500729
-0.04003948, -0.0436015, 0.00078505
-1.0, 0.0, 0.0
0.42804158, 0.34010583
-0.04003948, -0.0323055, 0.01755201
-1.0, 0.0, 0.0
0.52819663, 0.32706916
-0.04003948, -0.04325853, 0.01405607
-0.95434433, 0.28397474, -0.09225745
0.4643589, 0.2482332
-0.04003948, 4.4e-07, -0.04548583
-0.95434433, 0.0, 0.29862362
0.37191522, 0.65492433
-0.04003948, -0.01405566, -0.04325901
-0.95434433, 0.09225745, 0.28397474
0.32705536, 0.58756825
-0.04003948, -0.03679812, -0.02673545
-0.95434433, 0.24155401, 0.17551194
0.31250632, 0.42928541
-0.04003948, -0.03150849, -0.01595498
-1.0, 0.0, 0.0
0.40558636, 0.43811572
-0.04003948, -0.04325939, -0.01405617
-0.95434433, 0.28400525, 0.09225745
0.34159926, 0.35379291
-0.04003948, -0.04548534, -7e-08
-0.95434433, 0.2985931, 0.0
0.39439094, 0.29142511
-0.04003948, 5.1e-07, -0.01662695
-0.78872037, 0.0, -0.61473435
0.8356725, 0.87948092
-0.04309848, -0.00898149, -0.008982
-0.91930908, -0.27823725, -0.27823725
0.88952684, 0.85831344
-0.04309848, 5.1e-07, -0.01270199
-0.91930908, 0.0, -0.39344463
0.85760683, 0.88878975
-0.04003948, -0.01662649, -0.0
-0.78872037, -0.61473435, 0.0
0.94281822, 0.83565548
-0.04003948, -0.01175649, -0.01175696
-0.78868985, -0.43470564, -0.43470564
0.88020492, 0.83552375
-0.04309848, -0.0089815, 0.008982
-0.91930908, -0.27823725, 0.27823725
0.96412987, 0.88949946
-0.04309848, -0.0127015, -0.0
-0.9193396, -0.39344463, 0.0
0.9336105, 0.85768214
-0.04003948, 5e-07, 0.01662701
-0.78872037, 0.0, 0.61473435
0.98689789, 0.94269714
-0.04003948, -0.0117565, 0.01175701
-0.78868985, -0.43470564, 0.43470564
0.98689789, 0.88012418
-0.04309848, 0.00898251, 0.008982
-0.91930908, 0.27823725, 0.27823725
0.93321842, 0.96460815
-0.04309848, 5e-07, 0.01270205
-0.91930908, 0.0, 0.39344463
0.96486408, 0.93362609
-0.04003948, 0.01662651, 0.0
-0.78865933, 0.61479539, 0.0
0.87957507, 0.98694536
-0.04003948, 0.01175751, 0.01175702
-0.78868985, 0.43470564, 0.43467513
0.942927, 0.98689017
-0.04309848, 0.00898251, -0.008982
-0.91930908, 0.27823725, -0.27823725
0.85778803, 0.93307622
-0.04309848, 5.1e-07, 0.0
-1.0, 0.0, 0.0
0.91123915, 0.91119874
-0.04309848, 0.01270251, 0.0
-0.91930908, 0.39350566, 0.0
0.8891843, 0.96395819
-0.04003948, 0.01175751, -0.01175695
-0.78868985, 0.43470564, -0.43467513
0.83511019, 0.94181979
-0.03976679, 0.02901417, -0.00847017
-0.00021363, 0.0, -1.0
0.13296187, 0.14123368
-0.04159909, 0.0216788, -0.00423547
-0.6099124, -0.6862697, -0.39622182
0.1582091, 0.08720827
-0.04159909, 0.02901461, -0.0084697
-0.6100955, 9.156e-05, -0.79232156
0.12661076, 0.14325774
-0.03976679, 0.02167904, -0.00423524
0.00015259, -0.86602372, -0.49998474
0.16056846, 0.08161271
-0.04159909, 0.0216788, 0.00423442
-0.60997343, -0.6862697, 0.39616078
0.1266176, 0.03115875
-0.03976679, 0.03634929, 0.00423464
-9.156e-05, 0.86602372, 0.49995422
0.02948252, 0.08161855
-0.04159909, 0.0290146, 0.00846999
-0.60988188, 3.052e-05, 0.79244363
0.06342842, 0.03115875
-0.03976679, 0.02901416, 0.00846958
0.00021363, -6.104e-05, 1.0
0.05707731, 0.03391075
-0.03976679, 0.0363493, -0.00423524
-3.052e-05, 0.86602372, -0.49995422
0.05708476, 0.14123583
-0.04159909, 0.03634908, 0.00423442
-0.61003447, 0.68620867, 0.39613026
0.03184314, 0.08721161
-0.03976679, 0.03634929, 0.00423464
-9.156e-05, 0.86602372, 0.49995422
0.02948252, 0.09353215
-0.03976679, 0.0363493, -0.00423524
-3.052e-05, 0.86602372, -0.49995422
0.06742635, 0.14719552
-0.04159909, 0.03634909, -0.00423546
-0.61000395, 0.68617815, -0.39622182
0.06343587, 0.14326149
-0.03976679, 0.02901416, 0.00846958
0.00021363, -6.104e-05, 1.0
0.06742263, 0.02700847
-0.03976679, 0.02167904, 0.00423463
3.052e-05, -0.8659932, 0.50004578
0.12262276, 0.02700889
-0.03976679, 0.01702148, 0.02497669
-0.00021363, 0.9510178, -0.30903041
0.13296187, 0.14123368
-0.04159909, 0.01072729, 0.01930894
-0.6099124, 0.16476943, -0.77510911
0.1582091, 0.08720827
-0.04159909, 0.01702117, 0.02497726
-0.6100955, 0.75356305, -0.24472792
0.12661076, 0.14325774
-0.03976679, 0.01072715, 0.01930924
0.00015259, 0.20789209, -0.97814876
0.16056846, 0.08161271
-0.04159909, 0.00267195, 0.02192627
-0.60997343, -0.58882409, -0.53025907
0.1266176, 0.03115875
-0.03976679, 0.00720516, 0.03587881
-9.156e-05, -0.20786157, 0.97814876
0.02948252, 0.08161855
-0.04159909, 0.00091057, 0.0302119
-0.60988188, -0.7536546, 0.24491104
0.06342842, 0.03115875
-0.03976679, 0.00091082, 0.03021135
0.00021363, -0.95107883, 0.30890834
0.05707731, 0.03391075
-0.03976679, 0.0152605, 0.03326148
-3.052e-05, 0.74309516, 0.66914886
0.05708476, 0.14123583
-0.04159909, 0.00720531, 0.03587855
-0.61003447, -0.16467787, 0.77504808
0.03184314, 0.08721161
-0.03976679, 0.00720516, 0.03587881
-9.156e-05, -0.20786157, 0.97814876
0.02948252, 0.09353215
-0.03976679, 0.0152605, 0.03326148
-3.052e-05, 0.74309516, 0.66914886
0.06742635, 0.14719552
-0.04159909, 0.01526065, 0.03326122
-0.61000395, 0.58888519, 0.53016752
0.06343587, 0.14326149
-0.03976679, 0.00091082, 0.03021135
0.00021363, -0.95107883, 0.30890834
0.06742263, 0.02700847
-0.03976679, 0.00267181, 0.02192657
3.052e-05, -0.74315619, -0.66908783
0.12262276, 0.02700889
-0.03976679, -0.01849432, 0.02390661
-0.00021363, 0.5877865, 0.80898464
0.13296187, 0.14123368
-0.04159909, -0.01504898, 0.01616905
-0.6099124, 0.78811002, -0.08279672
0.1582091, 0.08720827
-0.04159909, -0.01849495, 0.0239065
-0.6100955, 0.46562091, 0.64104128
0.12661076, 0.14325774
-0.03976679, -0.01504931, 0.016169
0.00015259, 0.99450666, -0.10452589
0.16056846, 0.08161271
-0.04159909, -0.02002745, 0.00931676
-0.60997343, 0.32233649, -0.72386855
0.1266176, 0.03115875
-0.03976679, -0.03189626, 0.01793968
-9.156e-05, -0.99450666, 0.10455641
0.02948252, 0.08161855
-0.04159909, -0.02845185, 0.01020199
-0.60988188, -0.46583453, -0.6410718
0.06342842, 0.03115875
-0.03976679, -0.02845125, 0.01020206
0.00021363, -0.58769494, -0.80904567
0.05707731, 0.03391075
-0.03976679, -0.02691779, 0.02479196
-3.052e-05, -0.40675068, 0.91351056
0.05708476, 0.14123583
-0.04159909, -0.03189596, 0.01793974
-0.61003447, -0.78798789, 0.08285775
0.03184314, 0.08721161
-0.03976679, -0.03189626, 0.01793968
-9.156e-05, -0.99450666, 0.10455641
0.02948252, 0.09353215
-0.03976679, -0.02691779, 0.02479196
-3.052e-05, -0.40675068, 0.91351056
0.06742635, 0.14719552
-0.04159909, -0.0269175, 0.02479202
-0.61000395, -0.32224494, 0.72389907
0.06343587, 0.14326149
-0.03976679, -0.02845125, 0.01020206
0.00021363, -0.58769494, -0.80904567
0.06742263, 0.02700847
-0.03976679, -0.02002777, 0.00931673
3.052e-05, 0.40665913, -0.91354108
0.12262276, 0.02700889
-0.03976679, -0.0284516, -0.01020159
-0.00021363, -0.58775598, 0.80901515
0.13296187, 0.14123368
-0.04159909, -0.02002807, -0.00931592
-0.6099124, 0.32227546, 0.72392958
0.1582091, 0.08720827
-0.04159909, -0.02845168, -0.01020223
-0.6100955, -0.46577349, 0.64091921
0.12661076, 0.14325774
-0.03976679, -0.02002813, -0.00931624
0.00015259, 0.40672016, 0.91351056
0.16056846, 0.08161271
-0.04159909, -0.01504959, -0.0161682
-0.60997343, 0.78804892, 0.08285775
0.1266176, 0.03115875
-0.03976679, -0.02691814, -0.02479148
-9.156e-05, -0.40675068, -0.91351056
0.02948252, 0.08161855
-0.04159909, -0.01849478, -0.02390673
-0.60988188, 0.46574298, -0.64113283
0.06342842, 0.03115875
-0.03976679, -0.01849466, -0.02390613
0.00021363, 0.58784753, -0.80895412
0.05707731, 0.03391075
-0.03976679, -0.03189661, -0.0179392
-3.052e-05, -0.99450666, -0.10455641
0.05708476, 0.14123583
-0.04159909, -0.0269181, -0.02479118
-0.61003447, -0.32230598, -0.72380751
0.03184314, 0.08721161
-0.03976679, -0.02691814, -0.02479148
-9.156e-05, -0.40675068, -0.91351056
0.02948252, 0.09353215
-0.03976679, -0.03189661, -0.0179392
-3.052e-05, -0.99450666, -0.10455641
0.06742635, 0.14719552
-0.04159909, -0.03189658, -0.01793891
-0.61000395, -0.78804892, -0.0827662
0.06343587, 0.14326149
-0.03976679, -0.01849466, -0.02390613
0.00021363, 0.58784753, -0.80895412
0.06742263, 0.02700847
-0.03976679, -0.01504966, -0.01616851
3.052e-05, 0.99450666, 0.10446486
0.12262276, 0.02700889
-0.03976679, 0.00091026, -0.03021154
-0.00021363, -0.95104831, -0.30896938
0.13296187, 0.14123368
-0.04159909, 0.00267095, -0.0219266
-0.6099124, -0.58891571, 0.53022856
0.1582091, 0.08720827
-0.04159909, 0.00091085, -0.03021182
-0.6100955, -0.75350201, -0.24491104
0.12661076, 0.14325774
-0.03976679, 0.00267124, -0.02192676
0.00015259, -0.74312568, 0.66911834
0.16056846, 0.08161271
-0.04159909, 0.01072629, -0.01930926
-0.60997343, 0.16470839, 0.77510911
0.1266176, 0.03115875
-0.03976679, 0.01525994, -0.03326166
-9.156e-05, 0.74309516, -0.66914886
0.02948252, 0.08161855
-0.04159909, 0.01702145, -0.02497716
-0.60988188, 0.75368512, 0.24481948
0.06342842, 0.03115875
-0.03976679, 0.01702092, -0.02497687
0.00021363, 0.9510178, 0.30909145
0.05707731, 0.03391075
-0.03976679, 0.0072046, -0.035879
-3.052e-05, -0.20786157, -0.97814876
0.05708476, 0.14123583
-0.04159909, 0.01525966, -0.03326153
-0.61003447, 0.58879358, -0.53019804
0.03184314, 0.08721161
-0.03976679, 0.01525994, -0.03326166
-9.156e-05, 0.74309516, -0.66914886
0.02948252, 0.09353215
-0.03976679, 0.0072046, -0.035879
-3.052e-05, -0.20786157, -0.97814876
0.06742635, 0.14719552
-0.04159909, 0.00720433, -0.03587888
-0.61000395, -0.16476943, -0.77504808
0.06343587, 0.14326149
-0.03976679, 0.01702092, -0.02497687
0.00021363, 0.9510178, 0.30909145
0.06742263, 0.02700847
-0.03976679, 0.01072657, -0.01930942
3.052e-05, 0.20795313, 0.97811824
0.12262276, 0.02700889
0.0519405, 0.06153651, -0.01999496
0.95757926, -0.27396467, 0.08902249
0.02963699, 0.90480772
0.0519405, 0.06153651, -0.01999496
0.95757926, -0.27396467, 0.08902249
0.13031544, 0.88673975
-0.0487175, 0.14873552, -0.04832694
-0.35715812, 0.88830227, -0.28861356
0.290259, 0.34575373
-0.0487175, 0.12652153, -0.09192396
-0.35715812, 0.7556383, -0.54899746
0.290259, 0.34575373
0.0519405, 0.05234651, -0.03803199
0.95757926, -0.23303933, 0.16931669
0.13031544, 0.88673975
0.0519405, 0.03803251, -0.05234598
0.95757926, -0.16931669, 0.23303933
0.12877545, 0.90480772
0.04003948, 0.02673585, -0.03679863
0.95434433, -0.17551194, 0.24158452
0.12113472, 0.8039791
-0.0487175, 0.09192353, -0.12652196
-0.35715812, 0.54899746, -0.7556383
0.290259, 0.34575373
0.04003948, 0.01405569, -0.04325901
0.95437485, -0.09225745, 0.28397474
0.12113472, 0.8039791
-0.0487175, 0.04832753, -0.14873497
-0.35715812, 0.28861356, -0.88830227
0.290259, 0.34575373
0.05452264, 0.03053558, -0.09397778
0.59962767, -0.24729148, 0.76107061
0.14142922, 0.98459698
-0.0487175, 5.3e-07, -0.15638998
-0.35715812, 0.0, -0.93401897
0.290259, 0.34575373
0.0519405, 5.2e-07, -0.06470299
0.95757926, 0.0, 0.28809473
0.13031544, 0.88673975
-0.0487175, -0.04832647, -0.148735
-0.35715812, -0.28861356, -0.88830227
0.290259, 0.34575373
0.05452264, -0.03053553, -0.09397779
0.59962767, 0.24729148, 0.76107061
0.01698321, 0.98459698
0.0519405, -0.01999449, -0.06153697
0.95757926, 0.08899197, 0.27396467
0.13031544, 0.88673975
0.04003948, -0.02673583, -0.03679863
0.95434433, 0.17551194, 0.24158452
0.12113472, 0.8039791
-0.0487175, -0.09192347, -0.12652199
-0.35715812, -0.54899746, -0.7556383
0.290259, 0.34575373
0.04003948, -0.03679812, -0.02673545
0.95434433, 0.24155401, 0.17551194
0.12113472, 0.8039791
-0.0487175, -0.12652147, -0.09192299
-0.35715812, -0.7556383, -0.54899746
0.290259, 0.34575373
0.05452264, -0.07994197, -0.05808087
0.59965819, 0.64738911, 0.47032076
0.14142922, 0.98459698
-0.0487175, -0.14873546, -0.048327
-0.35715812, -0.88830227, -0.28861356
0.290259, 0.34575373
0.05452264, -0.09397727, -0.03053484
0.59965819, 0.76107061, 0.24726096
0.14142922, 0.98459698
0.0519405, -0.06153649, -0.01999498
0.95757926, 0.27396467, 0.08902249
0.13031544, 0.88673975
-0.0487175, -0.15638949, -3e-08
-0.35715812, -0.93401897, 0.0
0.290259, 0.34575373
0.04003948, -0.04548534, -7e-08
0.95434433, 0.2985931, 0.0
0.12113472, 0.8039791
0.05452264, -0.09397729, 0.03053509
0.59962767, 0.76107061, -0.24729148
0.01698321, 0.98459698
0.04003948, -0.04325853, 0.01405607
0.95434433, 0.28397474, -0.09225745
0.12114555, 0.8039791
-0.0487175, -0.14873451, 0.048327
-0.35715812, -0.88830227, 0.28861356
0.290259, 0.34575373
0.04003948, -0.03679813, 0.02673535
0.95434433, 0.24158452, -0.17551194
0.12113472, 0.8039791
-0.0487175, -0.1265215, 0.09192399
-0.35715812, -0.7556383, 0.54899746
0.290259, 0.34575373
0.0519405, -0.0380315, 0.05234604
0.95757926, 0.16931669, -0.23303933
0.13030493, 0.8867396
-0.0487175, -0.0919225, 0.12652199
-0.35715812, -0.54899746, 0.7556383
0.290259, 0.34575373
0.05452264, -0.0580804, 0.07994275
0.59962767, 0.47035128, -0.64741963
0.14142922, 0.98459698
-0.0487175, -0.04832652, 0.14873503
-0.35715812, -0.28861356, 0.88830227
0.290259, 0.34575373
0.05452264, -0.03053433, 0.09397799
0.59962767, 0.24726096, -0.76107061
0.14142922, 0.98459698
0.0519405, -0.01999451, 0.06153702
0.95757926, 0.08899197, -0.27396467
0.13031544, 0.88673975
-0.0487175, 4.8e-07, 0.15639001
-0.35715812, 0.0, 0.93401897
0.290259, 0.34575373
0.04003948, 4.3e-07, 0.04548487
0.95434433, 0.0, -0.2985931
0.12113472, 0.8039791
0.05452264, 0.03053554, 0.093978
0.59962767, -0.24729148, -0.76107061
0.01698321, 0.98459698
0.0519405, 0.0199945, 0.06153703
0.95757926, -0.08899197, -0.27396467
0.13031544, 0.88673975
-0.0487175, 0.04832748, 0.14873506
-0.35715812, 0.28861356, 0.88830227
0.290259, 0.34575373
0.0519405, 0.03803249, 0.05234606
0.95757926, -0.16931669, -0.23303933
0.13031544, 0.88673975
-0.0487175, 0.09192449, 0.12652202
-0.35715812, 0.54899746, 0.7556383
0.290259, 0.34575373
-0.0487175, 0.1265225, 0.09192302
-0.35715812, 0.7556383, 0.54899746
0.290259, 0.34575373
0.05452264, 0.07994321, 0.05808115
0.59962767, -0.64741963, -0.47035128
0.14142922, 0.98459698
0.04003948, 0.036799, 0.02673536
0.95434433, -0.24158452, -0.17551194
0.12114555, 0.8039791
-0.0487175, 0.14873549, 0.04832705
-0.35715812, 0.88830227, 0.28861356
0.290259, 0.34575373
0.0519405, 0.0615365, 0.01999403
0.95757926, -0.27396467, -0.08902249
0.12877545, 0.90480772
0.04003948, 0.0432594, 0.01405521
0.95434433, -0.28400525, -0.09225745
0.12113472, 0.8039791
0.04003948, 0.04548534, -6e-08
0.95434433, -0.2985931, 0.0
0.12113472, 0.8039791
-0.0487175, 0.1563895, 3e-08
-0.35715812, 0.93401897, 0.0
0.290259, 0.34575373
0.04003948, -0.02673497, 0.0367985
0.95434433, 0.17551194, -0.24158452
0.62733597, 0.2317332
0.04309848, 5e-07, 0.01270205
0.91930908, 0.0, 0.39344463
0.96486408, 0.93362609
-0.0487175, 0.09192353, -0.12652196
-0.35715812, 0.54899746, -0.7556383
0.42093837, 0.03513771
-0.0487175, -0.15638949, -3e-08
-0.35715812, -0.93401897, 0.0
0.92041337, 0.71146339
-0.0487175, 0.14873549, 0.04832705
-0.35715812, 0.88830227, 0.28861356
0.03338361, 0.42729789
-0.05452264, 0.09881473, 1.2e-07
-0.59962767, -0.80025637, 0.0
0.14142922, 0.98459698
-0.0519405, 0.06153651, -0.01999496
-0.95757926, -0.27396467, 0.08902249
0.13031544, 0.88673975
-0.05452264, 0.07994324, -0.05808208
-0.59959716, -0.64741963, 0.4703818
0.01698321, 0.98459698
-0.0519405, 0.05234651, -0.03803199
-0.95757926, -0.23303933, 0.16931669
0.13031544, 0.88673975
-0.0519405, 0.05234651, -0.03803199
-0.95757926, -0.23303933, 0.16931669
0.02962665, 0.88673975
-0.0519405, 0.03803251, -0.05234598
-0.95757926, -0.16931669, 0.23303933
0.02962665, 0.88673975
-0.05452264, 0.03053558, -0.09397778
-0.59962767, -0.24729148, 0.76107061
0.14142922, 0.98459698
-0.05452264, 0.03053558, -0.09397778
-0.59962767, -0.24729148, 0.76107061
0.01698321, 0.98459698
-0.0519405, 5.2e-07, -0.06470299
-0.95757926, 0.0, 0.28809473
0.13031544, 0.88673975
-0.05452264, -0.03053553, -0.09397779
-0.59962767, 0.24729148, 0.76107061
0.01698321, 0.98459698
-0.0519405, -0.01999449, -0.06153697
-0.95757926, 0.08899197, 0.27396467
0.13031544, 0.88673975
-0.05452264, -0.03053553, -0.09397779
-0.59962767, 0.24729148, 0.76107061
0.14142922, 0.98459698
-0.0519405, -0.01999449, -0.06153697
-0.95757926, 0.08899197, 0.27396467
0.02962665, 0.88673975
-0.0519405, -0.03803148, -0.052346
-0.95757926, 0.16931669, 0.23306985
0.02962665, 0.88673975
-0.05452264, -0.07994197, -0.05808087
-0.59965819, 0.64738911, 0.47032076
0.14142922, 0.98459698
-0.05452264, -0.09397727, -0.03053484
-0.59965819, 0.76107061, 0.24726096
0.14142922, 0.98459698
-0.0519405, -0.06153649, -0.01999498
-0.95757926, 0.27396467, 0.08902249
0.13031544, 0.88673975
-0.0519405, -0.06153649, -0.01999498
-0.95757926, 0.27396467, 0.08902249
0.02962665, 0.88673975
-0.05452264, -0.09397729, 0.03053509
-0.59962767, 0.76107061, -0.24729148
0.01698321, 0.98459698
-0.0519405, -0.06470349, -1e-08
-0.95757926, 0.28806421, 0.0
0.02962665, 0.88673975
-0.0519405, -0.06153649, 0.01999401
-0.95757926, 0.27396467, -0.08902249
0.02962665, 0.88673975
-0.05452264, -0.09397729, 0.03053509
-0.59962767, 0.76107061, -0.24729148
0.14142922, 0.98459698
-0.0519405, -0.0380315, 0.05234604
-0.95757926, 0.16931669, -0.23303933
0.13030493, 0.8867396
-0.05452264, -0.0580804, 0.07994275
-0.59962767, 0.47035128, -0.64741963
0.14142922, 0.98459698
-0.05452264, -0.03053433, 0.09397799
-0.59962767, 0.24726096, -0.76107061
0.14142922, 0.98459698
-0.0519405, -0.01999451, 0.06153702
-0.95757926, 0.08899197, -0.27396467
0.13031544, 0.88673975
-0.05452264, -0.03053433, 0.09397799
-0.59962767, 0.24726096, -0.76107061
0.01698321, 0.98459698
-0.0519405, -0.01999451, 0.06153702
-0.95757926, 0.08899197, -0.27396467
0.02962665, 0.88673975
-0.05452264, 0.03053554, 0.093978
-0.59962767, -0.24729148, -0.76107061
0.01698321, 0.98459698
-0.0519405, 0.0199945, 0.06153703
-0.95757926, -0.08899197, -0.27396467
0.13031544, 0.88673975
-0.0519405, 0.03803249, 0.05234606
-0.95757926, -0.16931669, -0.23303933
0.13031544, 0.88673975
-0.05452264, 0.03053554, 0.093978
-0.59962767, -0.24729148, -0.76107061
0.14142922, 0.98459698
-0.05452264, 0.07994321, 0.05808115
-0.59962767, -0.64741963, -0.47035128
0.14142922, 0.98459698
-0.0519405, 0.03803249, 0.05234606
-0.95757926, -0.16931669, -0.23303933
0.02963715, 0.88673991
-0.05452264, 0.07994321, 0.05808115
-0.59962767, -0.64741963, -0.47035128
0.01698321, 0.98459698
-0.0519405, 0.0523465, 0.03803206
-0.95757926, -0.23303933, -0.16931669
0.02962665, 0.88673975
-0.0519405, 0.0615365, 0.01999403
-0.95757926, -0.27396467, -0.08902249
0.02962665, 0.88673975
-0.04003948, -0.02673583, -0.03679863
-0.95434433, 0.17551194, 0.24158452
0.30681497, 0.50941306
-0.03976679, 0.02167904, -0.00423524
0.00015259, -0.86602372, -0.49998474
0.16056846, 0.09353215
-0.03976679, 0.02167904, 0.00423463
3.052e-05, -0.8659932, 0.50004578
0.13296498, 0.03390902
-0.03976679, 0.02901417, -0.00847017
-0.00021363, 0.0, -1.0
0.1226271, 0.14719218
-0.03976679, 0.01072715, 0.01930924
0.00015259, 0.20789209, -0.97814876
0.16056846, 0.09353215
-0.03976679, 0.00267181, 0.02192657
3.052e-05, -0.74315619, -0.66908783
0.13296498, 0.03390902
-0.03976679, 0.01702148, 0.02497669
-0.00021363, 0.9510178, -0.30903041
0.1226271, 0.14719218
-0.03976679, -0.01504931, 0.016169
0.00015259, 0.99450666, -0.10452589
0.16056846, 0.09353215
-0.03976679, -0.02002777, 0.00931673
3.052e-05, 0.40665913, -0.91354108
0.13296498, 0.03390902
-0.03976679, -0.01849432, 0.02390661
-0.00021363, 0.5877865, 0.80898464
0.1226271, 0.14719218
-0.03976679, -0.02002813, -0.00931624
0.00015259, 0.40672016, 0.91351056
0.16056846, 0.09353215
-0.03976679, -0.01504966, -0.01616851
3.052e-05, 0.99450666, 0.10446486
0.13296498, 0.03390902
-0.03976679, -0.0284516, -0.01020159
-0.00021363, -0.58775598, 0.80901515
0.1226271, 0.14719218
-0.03976679, 0.00267124, -0.02192676
0.00015259, -0.74312568, 0.66911834
0.16056846, 0.09353215
-0.03976679, 0.01072657, -0.01930942
3.052e-05, 0.20795313, 0.97811824
0.13296498, 0.03390902
-0.03976679, 0.00091026, -0.03021154
-0.00021363, -0.95104831, -0.30896938
0.1226271, 0.14719218
# Number of Faces:
748
# Face Data:
0, 1, 2
3, 4, 5
6, 7, 8
9, 3, 10
11, 10, 12
13, 14, 15
16, 9, 11
17, 18, 19
20, 21, 22
23, 24, 4
25, 26, 27
9, 28, 23
20, 29, 30
31, 24, 28
32, 33, 34
35, 28, 36
16, 35, 36
37, 38, 39
40, 41, 42
43, 31, 35
44, 43, 35
45, 46, 47
48, 49, 50
31, 51, 52
53, 54, 43
55, 43, 56
57, 58, 59
60, 61, 62
54, 63, 51
64, 65, 66
55, 67, 53
68, 69, 70
71, 61, 72
73, 74, 63
75, 76, 77
67, 73, 53
78, 79, 80
81, 74, 82
83, 84, 85
67, 81, 82
86, 87, 67
88, 89, 90
91, 92, 81
93, 94, 95
96, 81, 87
97, 96, 87
98, 99, 100
101, 79, 102
96, 103, 91
104, 105, 96
106, 107, 108
109, 110, 111
103, 112, 91
113, 114, 115
116, 117, 105
118, 119, 120
121, 122, 123
124, 125, 103
126, 127, 128
105, 124, 103
129, 130, 121
124, 131, 132
133, 134, 135
136, 124, 117
137, 136, 117
138, 139, 140
141, 131, 142
143, 144, 145
146, 142, 136
147, 136, 148
149, 150, 151
152, 153, 154
155, 156, 157
146, 158, 141
147, 159, 146
160, 161, 162
163, 153, 164
158, 165, 141
166, 167, 159
168, 169, 170
171, 172, 173
174, 175, 158
176, 177, 178
159, 174, 158
179, 180, 181
182, 183, 184
185, 186, 174
187, 188, 189
167, 185, 174
190, 191, 167
192, 183, 193
194, 195, 185
196, 197, 198
191, 194, 185
199, 200, 191
201, 202, 203
204, 205, 206
200, 207, 194
208, 200, 209
210, 211, 212
213, 214, 215
207, 216, 194
217, 218, 208
219, 220, 221
222, 214, 223
224, 225, 207
226, 227, 228
218, 224, 207
217, 229, 230
231, 232, 233
234, 235, 236
237, 238, 224
239, 240, 241
229, 224, 230
0, 242, 243
237, 5, 244
245, 246, 247
10, 237, 229
12, 229, 248
249, 250, 251
252, 253, 254
255, 256, 253
257, 256, 258
259, 260, 257
261, 262, 259
254, 263, 264
253, 265, 263
260, 265, 256
262, 266, 260
267, 268, 262
263, 269, 264
263, 270, 271
266, 270, 265
268, 272, 266
268, 273, 274
271, 275, 269
270, 276, 271
272, 277, 270
272, 278, 279
274, 280, 278
276, 281, 275
277, 282, 276
277, 283, 284
279, 285, 283
278, 286, 285
287, 288, 289
288, 290, 289
290, 291, 292
291, 293, 292
293, 294, 295
294, 296, 295
297, 298, 299
296, 297, 300
297, 287, 300
294, 298, 301
298, 288, 299
298, 291, 302
303, 304, 305
305, 306, 307
306, 308, 307
308, 309, 310
310, 311, 312
312, 313, 314
313, 315, 314
316, 317, 315
318, 319, 317
320, 321, 319
321, 322, 323
322, 324, 323
325, 326, 324
327, 328, 326
329, 330, 328
331, 332, 330
333, 334, 332
335, 336, 334
337, 338, 336
338, 339, 303
340, 341, 342
343, 344, 345
346, 347, 348
349, 350, 351
352, 353, 354
349, 353, 355
353, 344, 341
344, 356, 357
358, 359, 360
361, 362, 363
364, 365, 366
367, 368, 369
370, 371, 372
367, 371, 373
371, 362, 359
362, 374, 375
376, 377, 378
379, 380, 381
382, 383, 384
385, 386, 387
388, 389, 390
385, 389, 391
389, 380, 377
380, 392, 393
394, 395, 396
397, 398, 399
400, 401, 402
403, 404, 405
406, 407, 408
403, 407, 409
407, 398, 395
398, 410, 411
412, 413, 414
415, 416, 417
418, 419, 420
421, 422, 423
424, 425, 426
421, 425, 427
425, 416, 413
416, 428, 429
430, 431, 432
433, 434, 435
303, 436, 437
437, 438, 439
436, 440, 438
441, 442, 443
444, 445, 446
436, 307, 447
442, 448, 449
450, 451, 452
307, 453, 447
440, 453, 454
455, 456, 457
308, 458, 453
454, 458, 459
460, 461, 462
310, 463, 458
458, 464, 459
465, 466, 467
468, 469, 470
464, 471, 472
466, 473, 467
474, 475, 476
312, 471, 463
477, 478, 479
480, 481, 482
471, 315, 483
472, 483, 484
485, 486, 487
315, 488, 483
484, 488, 489
478, 490, 479
488, 319, 491
489, 491, 492
493, 494, 495
496, 497, 498
492, 499, 500
501, 502, 503
504, 505, 506
491, 321, 499
507, 508, 502
509, 510, 511
321, 512, 499
500, 512, 513
514, 515, 516
323, 517, 512
512, 518, 513
519, 520, 521
522, 523, 524
517, 326, 525
518, 525, 526
520, 527, 521
526, 528, 529
530, 531, 532
533, 534, 535
525, 328, 528
536, 537, 538
539, 540, 541
528, 330, 542
529, 542, 543
537, 544, 538
545, 546, 547
542, 332, 548
543, 548, 549
550, 551, 552
548, 334, 553
548, 554, 549
555, 556, 557
553, 558, 554
556, 559, 557
560, 561, 562
553, 336, 563
558, 564, 565
566, 567, 568
569, 570, 571
336, 564, 563
572, 430, 573
574, 575, 576
338, 437, 564
564, 439, 565
577, 578, 579
579, 580, 581
580, 582, 581
583, 584, 582
585, 586, 584
587, 588, 578
578, 589, 580
589, 583, 580
590, 585, 583
591, 592, 585
593, 588, 594
588, 595, 589
595, 590, 589
596, 591, 590
591, 597, 598
599, 600, 593
601, 595, 600
602, 596, 595
596, 603, 604
604, 605, 597
606, 601, 599
607, 602, 601
602, 608, 609
609, 610, 603
603, 611, 605
612, 613, 614
615, 613, 616
615, 617, 618
619, 617, 620
619, 621, 622
623, 621, 624
625, 626, 627
623, 625, 627
612, 625, 628
626, 621, 627
613, 626, 614
626, 617, 622
629, 630, 631
632, 633, 630
634, 635, 636
637, 638, 639
640, 631, 641
631, 638, 641
631, 633, 635
642, 633, 643
644, 645, 646
647, 648, 645
649, 650, 651
652, 653, 654
655, 646, 656
646, 653, 656
646, 648, 650
657, 648, 658
659, 660, 661
662, 663, 660
664, 665, 666
667, 668, 669
670, 661, 671
661, 668, 671
661, 663, 665
672, 663, 673
674, 675, 676
677, 678, 675
679, 680, 681
682, 683, 684
685, 676, 686
676, 683, 686
676, 678, 680
687, 678, 688
689, 690, 691
692, 693, 690
694, 695, 696
697, 698, 699
700, 691, 701
691, 698, 701
691, 693, 695
702, 693, 703
0, 704, 1
3, 23, 4
6, 705, 7
9, 23, 3
11, 9, 10
13, 706, 14
16, 36, 9
17, 707, 18
20, 30, 21
23, 28, 24
25, 708, 26
9, 36, 28
20, 709, 29
31, 52, 24
32, 710, 33
35, 31, 28
16, 44, 35
37, 711, 38
40, 712, 41
43, 54, 31
44, 56, 43
45, 713, 46
48, 714, 49
31, 54, 51
53, 73, 54
55, 53, 43
57, 715, 58
60, 72, 61
54, 73, 63
64, 716, 65
55, 86, 67
68, 717, 69
71, 718, 61
73, 82, 74
75, 719, 76
67, 82, 73
78, 102, 79
81, 92, 74
83, 720, 84
67, 87, 81
86, 97, 87
88, 721, 89
91, 112, 92
93, 722, 94
96, 91, 81
97, 104, 96
98, 723, 99
101, 724, 79
96, 105, 103
104, 116, 105
106, 725, 107
109, 726, 110
103, 125, 112
113, 727, 114
116, 137, 117
118, 728, 119
121, 130, 122
124, 132, 125
126, 729, 127
105, 117, 124
129, 730, 130
124, 142, 131
133, 731, 134
136, 142, 124
137, 148, 136
138, 732, 139
141, 165, 131
143, 733, 144
146, 141, 142
147, 146, 136
149, 734, 150
152, 164, 153
155, 735, 156
146, 159, 158
147, 166, 159
160, 736, 161
163, 737, 153
158, 175, 165
166, 190, 167
168, 738, 169
171, 739, 172
174, 186, 175
176, 740, 177
159, 167, 174
179, 741, 180
182, 193, 183
185, 195, 186
187, 742, 188
167, 191, 185
190, 199, 191
192, 743, 183
194, 216, 195
196, 744, 197
191, 200, 194
199, 209, 200
201, 745, 202
204, 746, 205
200, 218, 207
208, 218, 200
210, 747, 211
213, 223, 214
207, 225, 216
217, 230, 218
219, 748, 220
222, 749, 214
224, 238, 225
226, 750, 227
218, 230, 224
217, 248, 229
231, 751, 232
234, 752, 235
237, 244, 238
239, 753, 240
229, 237, 224
0, 2, 242
237, 3, 5
245, 754, 246
10, 3, 237
12, 10, 229
249, 755, 250
252, 255, 253
255, 258, 256
257, 260, 256
259, 262, 260
261, 267, 262
254, 253, 263
253, 256, 265
260, 266, 265
262, 268, 266
267, 756, 268
263, 271, 269
263, 265, 270
266, 272, 270
268, 274, 272
268, 756, 273
271, 276, 275
270, 277, 276
272, 279, 277
272, 274, 278
274, 273, 280
276, 282, 281
277, 284, 282
277, 279, 283
279, 278, 285
278, 280, 286
287, 299, 288
288, 302, 290
290, 302, 291
291, 757, 293
293, 757, 294
294, 301, 296
297, 301, 298
296, 301, 297
297, 299, 287
294, 757, 298
298, 302, 288
298, 757, 291
303, 339, 304
305, 304, 306
306, 758, 308
308, 758, 309
310, 309, 311
312, 311, 313
313, 316, 315
316, 318, 317
318, 320, 319
320, 759, 321
321, 759, 322
322, 325, 324
325, 327, 326
327, 329, 328
329, 331, 330
331, 333, 332
333, 335, 334
335, 337, 336
337, 760, 338
338, 760, 339
340, 353, 341
343, 341, 344
346, 349, 347
349, 355, 350
352, 355, 353
349, 346, 353
353, 346, 344
344, 346, 356
358, 371, 359
361, 359, 362
364, 367, 365
367, 373, 368
370, 373, 371
367, 364, 371
371, 364, 362
362, 364, 374
376, 389, 377
379, 377, 380
382, 385, 383
385, 391, 386
388, 391, 389
385, 382, 389
389, 382, 380
380, 382, 392
394, 407, 395
397, 395, 398
400, 403, 401
403, 409, 404
406, 409, 407
403, 400, 407
407, 400, 398
398, 400, 410
412, 425, 413
415, 413, 416
418, 421, 419
421, 427, 422
424, 427, 425
421, 418, 425
425, 418, 416
416, 418, 428
430, 761, 431
433, 762, 434
303, 305, 436
437, 436, 438
436, 447, 440
441, 763, 442
444, 764, 445
436, 305, 307
442, 763, 448
450, 765, 451
307, 308, 453
440, 447, 453
455, 766, 456
308, 310, 458
454, 453, 458
460, 767, 461
310, 312, 463
458, 463, 464
465, 768, 466
468, 769, 469
464, 463, 471
466, 770, 473
474, 771, 475
312, 314, 471
477, 772, 478
480, 773, 481
471, 314, 315
472, 471, 483
485, 774, 486
315, 317, 488
484, 483, 488
478, 775, 490
488, 317, 319
489, 488, 491
493, 776, 494
496, 777, 497
492, 491, 499
501, 507, 502
504, 778, 505
491, 319, 321
507, 779, 508
509, 780, 510
321, 323, 512
500, 499, 512
514, 781, 515
323, 324, 517
512, 517, 518
519, 782, 520
522, 783, 523
517, 324, 326
518, 517, 525
520, 784, 527
526, 525, 528
530, 785, 531
533, 786, 534
525, 326, 328
536, 787, 537
539, 788, 540
528, 328, 330
529, 528, 542
537, 789, 544
545, 790, 546
542, 330, 332
543, 542, 548
550, 791, 551
548, 332, 334
548, 553, 554
555, 792, 556
553, 563, 558
556, 793, 559
560, 794, 561
553, 334, 336
558, 563, 564
566, 795, 567
569, 796, 570
336, 338, 564
572, 761, 430
574, 797, 575
338, 303, 437
564, 437, 439
577, 587, 578
579, 578, 580
580, 583, 582
583, 585, 584
585, 592, 586
587, 594, 588
578, 588, 589
589, 590, 583
590, 591, 585
591, 598, 592
593, 600, 588
588, 600, 595
595, 596, 590
596, 604, 591
591, 604, 597
599, 601, 600
601, 602, 595
602, 609, 596
596, 609, 603
604, 603, 605
606, 607, 601
607, 798, 602
602, 798, 608
609, 608, 610
603, 610, 611
612, 616, 613
615, 618, 613
615, 620, 617
619, 622, 617
619, 624, 621
623, 627, 621
625, 614, 626
623, 628, 625
612, 614, 625
626, 622, 621
613, 618, 626
626, 618, 617
629, 799, 630
632, 800, 633
634, 638, 635
637, 641, 638
640, 801, 631
631, 635, 638
631, 630, 633
642, 635, 633
644, 802, 645
647, 803, 648
649, 653, 650
652, 656, 653
655, 804, 646
646, 650, 653
646, 645, 648
657, 650, 648
659, 805, 660
662, 806, 663
664, 668, 665
667, 671, 668
670, 807, 661
661, 665, 668
661, 660, 663
672, 665, 663
674, 808, 675
677, 809, 678
679, 683, 680
682, 686, 683
685, 810, 676
676, 680, 683
676, 675, 678
687, 680, 678
689, 811, 690
692, 812, 693
694, 698, 695
697, 701, 698
700, 813, 691
691, 695, 698
691, 690, 693
702, 695, 693
