# Project Zomboid Skinned Mesh
# File Version:
1.0
# Model Name:
Vehicle_Wheel.000
# Vertex Stride Element Count:
3
# Vertex Stride Size (in bytes):
76
# Vertex Stride Data:
# (Int)    Offset
# (String) Type
0
VertexArray
12
NormalArray
24
TextureCoordArray
# Vertex Count:
700
# Vertex Buffer:
0.070872, 0.048835, -0.150299
0.42222357, 0.28009889, -0.86211735
0.52717501, 0.71421799
-0.071399, 0.09289, -0.12785199
-0.42222357, 0.53279215, -0.73335975
0.42330378, 0.27729398
0.070872, 0.09289, -0.12785199
0.42222357, 0.53279215, -0.73335975
0.42330462, 0.71421799
0.070872, -0.12785199, -0.09289
0.42222357, -0.73335975, -0.53279215
0.52717501, 0.71421799
-0.071399, -0.09289, -0.12785199
-0.42222357, -0.53279215, -0.73335975
0.42330378, 0.27729398
0.070872, -0.09289, -0.12785199
0.42222357, -0.53279215, -0.73335975
0.42330462, 0.71421799
0.070872, -0.158034, 0.0
0.42219305, -0.90649128, 0.0
0.52717501, 0.71421799
-0.071399, -0.150299, -0.048835
-0.42219305, -0.86211735, -0.28009889
0.42330295, 0.27729398
0.070872, -0.150299, -0.048835
0.42219305, -0.86211735, -0.28009889
0.42330378, 0.71421799
0.070872, -0.048835, -0.150299
0.42222357, -0.28009889, -0.86211735
0.52717501, 0.71421799
-0.071399, 0.0, -0.158034
-0.42219305, 0.0, -0.90649128
0.42330378, 0.27729398
0.070872, 0.0, -0.158034
0.42219305, 0.0, -0.90649128
0.42330462, 0.71421799
0.070872, 0.09289, 0.12785199
0.42222357, 0.53282267, 0.73335975
0.52717501, 0.71421799
-0.071399, 0.048835, 0.150299
-0.42219305, 0.28009889, 0.86211735
0.42330462, 0.27729398
0.070872, 0.048835, 0.150299
0.42219305, 0.28009889, 0.86211735
0.42330378, 0.71421799
0.070872, 0.150299, 0.048835
0.42219305, 0.86211735, 0.28009889
0.52717501, 0.71421799
-0.071399, 0.12785199, 0.09289
-0.42222357, 0.73335975, 0.53279215
0.42330378, 0.27729398
0.070872, 0.12785199, 0.09289
0.42222357, 0.73335975, 0.53279215
0.42330378, 0.71421799
0.070872, 0.158034, 0.0
0.42219305, 0.90649128, 0.0
0.52717501, 0.71421799
-0.071399, 0.150299, 0.048835
-0.42219305, 0.86211735, 0.28009889
0.42330378, 0.27729398
0.070872, 0.150299, 0.048835
0.42219305, 0.86211735, 0.28009889
0.42330378, 0.71421799
0.070872, 0.048835, 0.150299
0.42219305, 0.28009889, 0.86211735
0.52717501, 0.71421799
-0.071399, 0.0, 0.158034
-0.42219305, 0.0, 0.90649128
0.42330378, 0.27729398
0.070872, 0.0, 0.158034
0.42219305, 0.0, 0.90649128
0.42330378, 0.71421799
0.070872, -0.048835, 0.150299
0.42222357, -0.28009889, 0.86211735
0.52717501, 0.71421799
-0.071399, -0.09289, 0.12785199
-0.42222357, -0.53279215, 0.73335975
0.42330378, 0.27729398
0.070872, -0.09289, 0.12785199
0.42222357, -0.53279215, 0.73335975
0.42330378, 0.71421799
0.070872, 0.12785199, 0.09289
0.42222357, 0.73335975, 0.53279215
0.52717501, 0.71421799
-0.071399, 0.09289, 0.12785199
-0.42222357, 0.53282267, 0.73335975
0.42330378, 0.27729398
0.070872, 0.09289, 0.12785199
0.42222357, 0.53282267, 0.73335975
0.42330378, 0.71421799
0.070872, -0.09289, -0.12785199
0.42222357, -0.53279215, -0.73335975
0.52717578, 0.71421799
-0.071399, -0.048835, -0.150299
-0.42222357, -0.28009889, -0.86211735
0.42330378, 0.27729398
0.070872, -0.048835, -0.150299
0.42222357, -0.28009889, -0.86211735
0.42330462, 0.71421799
0.070872, -0.09289, 0.12785199
0.42222357, -0.53279215, 0.73335975
0.52717501, 0.71421799
-0.071399, -0.12785199, 0.09289
-0.42222357, -0.73335975, 0.53282267
0.42330462, 0.27729398
0.070872, -0.12785199, 0.09289
0.42222357, -0.73335975, 0.53282267
0.42330378, 0.71421799
0.070872, -0.12785199, 0.09289
0.42222357, -0.73335975, 0.53282267
0.52717501, 0.71421799
-0.071399, -0.150299, 0.048835
-0.42219305, -0.86211735, 0.28009889
0.42330378, 0.27729398
0.070872, -0.150299, 0.048835
0.42219305, -0.86211735, 0.28009889
0.42330378, 0.71421799
0.070872, -0.150299, 0.048835
0.42219305, -0.86211735, 0.28009889
0.5263865, 0.714205
-0.071399, -0.158034, 0.0
-0.42219305, -0.90649128, 0.0
0.42251527, 0.27727997
0.070872, -0.158034, 0.0
0.42219305, -0.90649128, 0.0
0.42330378, 0.71421799
0.070872, 0.12785199, -0.09289
0.42222357, 0.73335975, -0.53279215
0.52717578, 0.71421799
-0.071399, 0.150299, -0.048835
-0.42219305, 0.86211735, -0.28009889
0.42330462, 0.27729398
0.070872, 0.150299, -0.048835
0.42219305, 0.86211735, -0.28009889
0.42330462, 0.71421799
0.070872, -0.12785199, 0.09289
0.42222357, -0.73335975, 0.53282267
0.81896502, 0.73174101
0.080581, -0.085578, 0.117788
0.95690787, -0.17065951, 0.23490097
0.71350002, 0.79385801
0.070872, -0.09289, 0.12785199
0.42222357, -0.53279215, 0.73335975
0.73174202, 0.818965
0.070872, 0.0, -0.158034
0.42219305, 0.0, -0.90649128
0.52717578, 0.71421799
-0.071399, 0.048835, -0.150299
-0.42222357, 0.28009889, -0.86211735
0.42330378, 0.27729398
0.070872, 0.048835, -0.150299
0.42222357, 0.28009889, -0.86211735
0.42330462, 0.71421799
0.070872, 0.09289, -0.12785199
0.42222357, 0.53279215, -0.73335975
0.52717578, 0.71421799
-0.071399, 0.12785199, -0.09289
-0.42222357, 0.73335975, -0.53279215
0.42330378, 0.27729398
0.070872, 0.12785199, -0.09289
0.42222357, 0.73335975, -0.53279215
0.42330462, 0.71421799
0.070872, 0.0, 0.158034
0.42219305, 0.0, 0.90649128
0.52717501, 0.71421799
-0.071399, -0.048835, 0.150299
-0.42222357, -0.28009889, 0.86211735
0.42330378, 0.27729398
0.070872, -0.048835, 0.150299
0.42222357, -0.28009889, 0.86211735
0.42330378, 0.71421799
0.080581, -0.117788, -0.085578
0.95690787, -0.23490097, -0.17065951
0.79385799, 0.28649998
0.070872, -0.09289, -0.12785199
0.42222357, -0.53279215, -0.73335975
0.73174101, 0.18103498
0.080581, -0.085578, -0.117788
0.95690787, -0.17065951, -0.23490097
0.71350002, 0.20614201
0.080581, 0.085578, -0.117788
0.95690787, 0.17065951, -0.23490097
0.28650001, 0.20614201
0.070872, 0.12785199, -0.09289
0.42222357, 0.73335975, -0.53279215
0.181035, 0.26825899
0.080581, 0.117788, -0.085578
0.95690787, 0.23490097, -0.17065951
0.20614199, 0.28649998
-0.071399, -0.150299, -0.048835
-0.42219305, -0.86211735, -0.28009889
0.87496501, 0.37816602
-0.081108, -0.117788, -0.085578
-0.95690787, -0.23490097, -0.17065951
0.79385799, 0.28649998
-0.071399, -0.12785199, -0.09289
-0.42222357, -0.73335975, -0.53279215
0.81896502, 0.26825899
-0.071399, 0.0, 0.158034
-0.42219305, 0.0, 0.90649128
0.5, 0.894262
-0.081108, 0.044991, 0.138469
-0.95690787, 0.08972442, 0.276162
0.38775599, 0.84545
-0.081108, 0.0, 0.145595
-0.95690787, 0.0, 0.29038361
0.5, 0.86322799
-0.071399, -0.158034, 0.0
-0.42219305, -0.90649128, 0.0
0.89426202, 0.5
-0.081108, -0.138469, -0.044991
-0.95690787, -0.276162, -0.08972442
0.845451, 0.38775599
-0.071399, 0.150299, -0.048835
-0.42219305, 0.86211735, -0.28009889
0.125035, 0.37816602
-0.081108, 0.117788, -0.085578
-0.95690787, 0.23490097, -0.17065951
0.20614199, 0.28649998
-0.081108, 0.138469, -0.044991
-0.95690787, 0.276162, -0.08972442
0.15455, 0.38775599
-0.071399, -0.048835, -0.150299
-0.42222357, -0.28009889, -0.86211735
0.62183398, 0.12503499
-0.081108, -0.085578, -0.117788
-0.95690787, -0.17065951, -0.23490097
0.71350002, 0.20614201
-0.081108, -0.044991, -0.138469
-0.95690787, -0.08972442, -0.276162
0.61224401, 0.154549
-0.071399, 0.0, -0.158034
-0.42219305, 0.0, -0.90649128
0.5, 0.10573798
-0.081108, 0.044991, -0.138469
-0.95690787, 0.08972442, -0.276162
0.38775599, 0.15455002
-0.071399, 0.048835, -0.150299
-0.42222357, 0.28009889, -0.86211735
0.37816599, 0.12503499
0.070872, -0.150299, 0.048835
0.42219305, -0.86211735, 0.28009889
0.87496501, 0.62183401
0.080581, -0.117789, 0.085578
0.95690787, -0.23490097, 0.17065951
0.79385799, 0.71349999
-0.071399, -0.12785199, 0.09289
-0.42222357, -0.73335975, 0.53282267
0.81896502, 0.73174101
-0.081108, -0.085578, 0.117788
-0.95690787, -0.17065951, 0.23490097
0.71350002, 0.79385801
-0.081108, -0.117789, 0.085578
-0.95690787, -0.23490097, 0.17065951
0.79385799, 0.71349999
-0.081108, 0.085578, -0.117788
-0.95690787, 0.17065951, -0.23490097
0.28650001, 0.20614201
-0.071399, 0.09289, -0.12785199
-0.42222357, 0.53279215, -0.73335975
0.26825899, 0.18103498
-0.071399, 0.150299, 0.048835
-0.42219305, 0.86211735, 0.28009889
0.125035, 0.62183401
-0.081108, 0.117788, 0.085578
-0.95690787, 0.23490097, 0.17065951
0.20614199, 0.71349999
-0.071399, 0.12785199, 0.09289
-0.42222357, 0.73335975, 0.53279215
0.181035, 0.73174101
0.070872, -0.048835, 0.150299
0.42222357, -0.28009889, 0.86211735
0.62183398, 0.874965
-0.071399, 0.048835, 0.150299
-0.42219305, 0.28009889, 0.86211735
0.378167, 0.874965
-0.081108, 0.085578, 0.117789
-0.95690787, 0.17065951, 0.23490097
0.28650001, 0.79385801
-0.081108, 0.0, -0.145595
-0.95690787, 0.0, -0.29038361
0.5, 0.13677198
-0.071399, 0.158034, 0.0
-0.42219305, 0.90649128, 0.0
0.105738, 0.5
-0.081108, 0.145595, 0.0
-0.95690787, 0.29038361, 0.0
0.13677201, 0.5
-0.081108, 0.138469, 0.044991
-0.95690787, 0.276162, 0.08972442
0.15455, 0.61224401
-0.071399, -0.048835, 0.150299
-0.42222357, -0.28009889, 0.86211735
0.62183398, 0.874965
-0.071399, -0.09289, 0.12785199
-0.42222357, -0.53279215, 0.73335975
0.73174202, 0.818965
-0.081108, -0.138469, 0.044991
-0.95690787, -0.276162, 0.08972442
0.845451, 0.61224401
-0.081108, -0.145595, 0.0
-0.95690787, -0.29038361, 0.0
0.86322802, 0.5
0.074263, -0.060776, -0.08365
0.93401897, 0.20993683, 0.28897977
0.27332899, 0.183559
0.080581, -0.117788, -0.085578
0.95690787, -0.23490097, -0.17065951
0.131047, 0.23096901
0.080581, -0.085578, -0.117788
0.95690787, -0.17065951, -0.23490097
0.233208, 0.12880898
-0.081108, -0.117788, -0.085578
-0.95690787, -0.23490097, -0.17065951
0.131047, 0.23096901
-0.07479, -0.098337, -0.031952
-0.93401897, 0.33970153, 0.11038545
0.130161, 0.38061202
-0.07479, -0.08365, -0.060776
-0.93401897, 0.28897977, 0.20993683
0.18614, 0.27074701
0.07426303, 0.08365001, -0.060776
0.93401897, -0.28897977, 0.20993683
0.82381701, 0.27074802
0.080581, 0.085578, -0.117788
0.95690787, 0.17065951, -0.23490097
0.77606398, 0.12880898
0.080581, 0.117788, -0.085578
0.95690787, 0.23490097, -0.17065951
0.87822503, 0.23096901
0.080581, -0.085578, 0.117788
0.95690787, -0.17065951, 0.23490097
0.233208, 0.875986
0.074263, -0.08365001, 0.060776
0.93401897, 0.28897977, -0.20993683
0.18614, 0.734047
0.074263, -0.060776, 0.08365
0.93401897, 0.20993683, -0.28897977
0.27332801, 0.821236
-0.07479, 0.098337, -0.031952
-0.93401897, -0.33970153, 0.11035493
0.87979501, 0.38061202
-0.081108, 0.117788, -0.085578
-0.95690787, 0.23490097, -0.17065951
0.87822503, 0.23096901
-0.07479, 0.08365, -0.060776
-0.93401897, -0.28897977, 0.20993683
0.82381701, 0.27074802
0.080581, 0.117788, 0.085578
0.95690787, 0.23490097, 0.17065951
0.87822503, 0.773826
0.074263, 0.060776, 0.08365001
0.93401897, -0.20993683, -0.28897977
0.736628, 0.821236
0.074263, 0.08365, 0.060776
0.93401897, -0.28897977, -0.20993683
0.82381701, 0.734047
-0.081108, -0.085578, -0.117788
-0.95690787, -0.17065951, -0.23490097
0.233208, 0.12880898
-0.07479, -0.031952, -0.098337
-0.93401897, 0.11038545, 0.33973205
0.38319299, 0.12757999
-0.081108, -0.044991, -0.138469
-0.95690787, -0.08972442, -0.276162
0.361938, 0.06321698
0.074263, -0.09833701, 0.03195201
0.93401897, 0.33970153, -0.11035493
0.130161, 0.624183
0.080581, -0.117789, 0.085578
0.95690787, -0.23490097, 0.17065951
0.131047, 0.773825
0.080581, -0.138469, 0.044991
0.95690787, -0.276162, 0.08972442
0.065456, 0.645096
-0.081108, -0.085578, 0.117788
-0.95690787, -0.17065951, 0.23490097
0.233208, 0.875986
-0.07479, -0.031952, 0.098337
-0.93401897, 0.11038545, -0.33970153
0.38319299, 0.877215
-0.07479, -0.060776, 0.08365
-0.93401897, 0.20993683, -0.28897977
0.27332801, 0.821236
-0.081108, 0.138469, -0.044991
-0.95690787, 0.276162, -0.08972442
0.94381601, 0.35969901
-0.07479, 0.103398, 0.0
-0.93401897, -0.35718864, 0.0
0.89908397, 0.50239801
-0.081108, 0.145595, 0.0
-0.95690787, 0.29038361, 0.0
0.96641701, 0.502397
-0.081108, 0.044991, 0.138469
-0.95690787, 0.08972442, 0.276162
0.64733398, 0.941577
-0.07479, 0.0, 0.103398
-0.93401897, 0.0, -0.35718864
0.504978, 0.896504
-0.081108, 0.0, 0.145595
-0.95690787, 0.0, 0.29038361
0.50463599, 0.964179
-0.081108, 0.044991, -0.138469
-0.95690787, 0.08972442, -0.276162
0.64733398, 0.06321698
-0.07479, 0.0, -0.103398
-0.93401897, 0.0, 0.35718864
0.50497901, 0.10829097
-0.07479, 0.031952, -0.098337
-0.93401897, -0.11035493, 0.33970153
0.626764, 0.12757999
0.074263, -0.031952, 0.098337
0.93401897, 0.11038545, -0.33970153
0.38319299, 0.877215
-0.081108, 0.138469, 0.044991
-0.95690787, 0.276162, 0.08972442
0.94381601, 0.645096
-0.07479, 0.098337, 0.031952
-0.93401897, -0.33970153, -0.11035493
0.87979501, 0.624183
-0.081108, -0.044991, 0.138469
-0.95690787, -0.08972442, 0.276162
0.361938, 0.941577
-0.081108, -0.138469, 0.044991
-0.95690787, -0.276162, 0.08972442
0.065456, 0.645096
-0.07479, -0.103398, 0.0
-0.93401897, 0.35718864, 0.0
0.110872, 0.502397
-0.081108, -0.145595, 0.0
-0.95690787, -0.29038361, 0.0
0.042855, 0.502397
0.074263, 0.031952, 0.098337
0.93401897, -0.11038545, -0.33970153
0.626764, 0.877215
0.080581, 0.085578, 0.117789
0.95690787, 0.17065951, 0.23490097
0.77606398, 0.875986
0.080581, 0.044991, 0.138469
0.95690787, 0.08972442, 0.276162
0.64733398, 0.941577
-0.081108, -0.138469, -0.044991
-0.95690787, -0.276162, -0.08972442
0.065456, 0.35969901
-0.070511, 0.097483, 0.0
-0.80947292, -0.58714563, 0.0
0.8725, 0.50239801
-0.070511, 0.092711, 0.030124
-0.80947292, -0.55839717, -0.18143255
0.85452598, 0.61588299
-0.07479, -0.098337, 0.031952
-0.93401897, 0.33970153, -0.11038545
0.130161, 0.624183
-0.070511, -0.078865, 0.057299
-0.8094424, 0.47502059, -0.34510329
0.20814499, 0.71825999
-0.070511, -0.092712, 0.030124
-0.8094424, 0.55839717, -0.18143255
0.155981, 0.61588299
-0.070511, 0.030124, 0.092712
-0.8094424, -0.18143255, -0.55839717
0.61873901, 0.85167
-0.07479, 0.031952, 0.098337
-0.93401897, -0.11038545, -0.33970153
0.626764, 0.877215
-0.070511, -0.057299, 0.078865
-0.8094424, 0.34510329, -0.47502059
0.28939101, 0.79950599
-0.07479, -0.08365, 0.060776
-0.93401897, 0.28897977, -0.20993683
0.18614, 0.734047
-0.070511, 0.092711, -0.030124
-0.80947292, -0.55839717, 0.18143255
0.94505042, 0.99344364
-0.062924, 0.07043, -0.05117
-0.66219062, -0.60618913, 0.44041261
0.96144372, 0.97608824
-0.062924, 0.082795, -0.026902
-0.66219062, -0.71263772, 0.23151341
0.94254053, 0.98571973
-0.070511, -0.092712, 0.030124
-0.8094424, 0.55839717, -0.18143255
0.94505048, 0.9934444
-0.062924, -0.087056, 0.0
-0.66222113, 0.74925995, 0.0
0.9215858, 0.98903876
-0.070511, -0.097483, 0.0
-0.80947292, 0.58714563, 0.0
0.9215858, 0.99716068
-0.062924, 0.087056, 0.0
-0.66222113, -0.74929047, 0.0
0.9215858, 0.98903878
-0.070511, 0.097483, 0.0
-0.80947292, -0.58714563, 0.0
0.9215858, 0.99716068
-0.070511, 0.057299, 0.078865
-0.8094424, -0.34513381, -0.47502059
0.98301625, 0.96586008
-0.062924, 0.07043, 0.05117
-0.66228217, -0.60615861, -0.44038209
0.96144372, 0.97608824
-0.062924, 0.05117, 0.07043
-0.66228217, -0.44038209, -0.6061281
0.97644603, 0.96108602
-0.070511, 0.030124, -0.092711
-0.80947292, -0.18143255, 0.55839717
0.9938013, 0.9446926
-0.062924, 0.0, -0.087056
-0.6621601, 0.0, 0.74932098
0.98939645, 0.92122805
-0.062924, 0.026902, -0.082795
-0.6621601, -0.23154393, 0.71266824
0.98607749, 0.94218287
-0.070511, -0.092712, -0.030124
-0.8094424, 0.55839717, 0.18143255
0.94505042, 0.9934444
-0.062924, -0.07043, -0.05117
-0.66219062, 0.60618913, 0.44041261
0.96144372, 0.97608824
-0.070511, -0.078865, -0.057299
-0.8094424, 0.47502059, 0.34510329
0.96621782, 0.98265851
-0.070511, 0.030124, 0.092712
-0.8094424, -0.18143255, -0.55839717
0.99380219, 0.9446926
-0.062924, 0.0, 0.087056
-0.66228217, 0.0, -0.74922943
0.98939657, 0.92122805
-0.070511, 0.0, 0.097483
-0.80947292, 0.0, -0.58714563
0.99751848, 0.92122805
-0.070511, -0.030124, 0.092712
-0.8094424, 0.18143255, -0.55839717
0.99380219, 0.9446926
-0.062924, -0.026902, 0.082795
-0.66228217, 0.23151341, -0.71254617
0.98607749, 0.94218287
-0.062924, 0.026902, 0.082795
-0.66228217, -0.23151341, -0.71254617
0.98607749, 0.94218287
-0.062924, 0.05117, -0.07043
-0.6621601, -0.44044313, 0.60621965
0.97644585, 0.96108602
-0.070511, 0.057299, -0.078865
-0.8094424, -0.34510329, 0.47502059
0.98301619, 0.96586008
-0.062924, -0.05117, 0.07043
-0.66228217, 0.44038209, -0.6061281
0.97644603, 0.96108599
-0.070511, -0.057299, 0.078865
-0.8094424, 0.34510329, -0.47502059
0.98301625, 0.96586007
-0.062924, -0.07043, 0.05117
-0.66228217, 0.6061281, -0.44038209
0.96144372, 0.97608824
-0.062924, -0.082795, 0.026902
-0.66225165, 0.71257669, -0.23154393
0.94254065, 0.98571972
-0.070511, 0.078865, -0.057299
-0.8094424, -0.47502059, 0.34510329
0.96621782, 0.98265853
-0.062924, 0.05117, 0.07043
-0.66228217, -0.44038209, -0.6061281
0.97526073, 0.95706657
-0.0494598, 0.02476081, 0.07620714
-0.81307411, -0.17987609, -0.55363625
0.98034096, 0.93384273
-0.062924, 0.026902, 0.082795
-0.66228217, -0.23151341, -0.71254617
0.98613423, 0.93572564
-0.062924, 0.07043, -0.05117
-0.66219062, -0.60618913, 0.44041261
0.95832366, 0.97400352
-0.0494598, 0.07620984, -0.02476605
-0.81298256, -0.55372787, 0.17990661
0.93510443, 0.97908621
-0.062924, 0.082795, -0.026902
-0.66219062, -0.71263772, 0.23151341
0.93698269, 0.98487711
-0.0494598, -0.06482622, -0.04710298
-0.81301308, 0.47099215, 0.34223455
0.9547472, 0.96907562
-0.062924, -0.05117, -0.07043
-0.6621601, 0.44044313, 0.60621965
0.9752605, 0.95706654
-0.062924, -0.07043, -0.05117
-0.66219062, 0.60618913, 0.44041261
0.95832366, 0.97400351
-0.0494598, -0.06482622, 0.04709759
-0.81307411, 0.47096163, -0.34217352
0.95474255, 0.96907562
-0.062924, -0.082795, 0.026902
-0.66225165, 0.71257669, -0.23154393
0.93698275, 0.98487709
-0.062924, -0.07043, 0.05117
-0.66228217, 0.6061281, -0.44038209
0.95832366, 0.97400351
-0.0494598, 0.08013083, -2.69e-06
-0.81304359, -0.58217108, 0.0
0.91332322, 0.98253429
-0.062924, 0.087056, 0.0
-0.66222113, -0.74929047, 0.0
0.91332555, 0.98862418
-0.062924, 0.0, -0.087056
-0.6621601, 0.0, 0.74932098
0.98988122, 0.91206843
-0.0494598, 0.02476081, -0.07621253
-0.81298256, -0.17990661, 0.55375838
0.98034561, 0.93384273
-0.062924, 0.026902, -0.082795
-0.6621601, -0.23154393, 0.71266824
0.98613423, 0.93572564
-0.0494598, -0.07620984, -0.02476605
-0.81298256, 0.55375838, 0.17990661
0.93510443, 0.97908621
-0.062924, -0.082795, -0.026902
-0.66219062, 0.71263772, 0.23151341
0.93698269, 0.98487709
-0.0494598, -0.04710028, 0.06482353
-0.81307411, 0.34217352, -0.47093111
0.97033048, 0.9534877
-0.062924, -0.05117, 0.07043
-0.66228217, 0.44038209, -0.6061281
0.97526073, 0.95706654
-0.0494598, -0.06482622, -0.04710298
-0.81301308, 0.47099215, 0.34223455
0.87325168, 0.96582368
-0.04715561, -0.02731433, -0.03759832
-0.98132265, -0.11297952, -0.1554918
0.88124573, 0.93427415
-0.0494598, -0.04710028, -0.06483147
-0.81295204, 0.34226507, 0.4710837
0.85834116, 0.95091521
-0.0494598, -0.02476081, -0.07621253
-0.81298256, 0.17990661, 0.55375838
0.84876901, 0.93212649
-0.04715561, -0.01435925, -0.04419841
-0.98132265, -0.05938902, -0.18280587
0.87569469, 0.92337821
-0.0494598, 0.02476081, -0.07621253
-0.81298256, -0.17990661, 0.55375838
0.84876901, 0.89047612
-0.04715561, 0.02731433, -0.03759832
-0.98132265, 0.11297952, -0.1554918
0.88124573, 0.88832848
-0.0494598, 0.04710028, -0.06483147
-0.81295204, -0.34226507, 0.4710837
0.85834116, 0.87168741
-0.0494598, 0.08013083, -2.69e-06
-0.81304359, -0.58217108, 0.0
0.91286564, 0.84390691
-0.04715561, 0.0441955, 0.01435635
-0.98132265, 0.18280587, 0.05938902
0.92494237, 0.8741305
-0.0494598, 0.07620984, 0.02475812
-0.81304359, -0.55369729, -0.17987609
0.93369085, 0.84720469
-0.04715561, -0.0441955, -0.01436364
-0.98132265, -0.18280587, -0.05938902
0.90078729, 0.94847213
-0.04715561, -0.03759393, -0.02731724
-0.98132265, -0.15552232, -0.11297952
0.88989264, 0.94291984
-0.0494598, 0.04710028, 0.06482353
-0.81307411, -0.34217352, -0.47093111
0.96738803, 0.87168741
-0.04715561, 0.01435925, 0.04419259
-0.98132265, 0.05938902, 0.18280587
0.95003629, 0.89922439
-0.0494598, 0.02476081, 0.07620714
-0.81307411, -0.17987609, -0.55363625
0.97696221, 0.89047612
-0.0494598, -0.04710028, 0.06482353
-0.81307411, 0.34217352, -0.47093111
0.96738803, 0.95091521
-0.04715561, -0.01435925, 0.04419259
-0.98132265, -0.05938902, 0.18280587
0.95003629, 0.92337821
-0.04715561, -0.02731433, 0.03759102
-0.98132265, -0.11297952, 0.15552232
0.944484, 0.93427415
-0.0494598, -0.0, 0.08012813
-0.81307411, 0.0, -0.58211005
0.98025995, 0.91130131
-0.04715561, -0.0, 0.04646645
-0.98132265, 0.0, 0.1922361
0.95194858, 0.91130131
-0.0494598, -0.0, -0.08013352
-0.81298256, 0.0, 0.58223212
0.84547126, 0.91130131
-0.04715561, -0.0, -0.04647227
-0.98132265, 0.0, -0.1922361
0.87378216, 0.91130131
-0.0494598, -0.06482622, 0.04709759
-0.81307411, 0.47096163, -0.34217352
0.95247954, 0.96582368
-0.04715561, -0.03759393, 0.02731142
-0.98132265, -0.15552232, 0.11297952
0.93583828, 0.94291984
-0.0494598, -0.08013083, -2.69e-06
-0.81304359, 0.58217108, 0.0
0.91286564, 0.97869569
-0.04715561, -0.0441955, 0.01435635
-0.98132265, -0.18280587, 0.05938902
0.92494237, 0.94847213
-0.04715561, -0.04646936, -2.91e-06
-0.98132265, -0.1922361, 0.0
0.91286546, 0.95038455
-0.0494598, 0.06482622, 0.04709759
-0.81307411, -0.47096163, -0.34217352
0.95247954, 0.85677892
-0.04715561, 0.02731433, 0.03759102
-0.98132265, 0.11297952, 0.15552232
0.944484, 0.88832848
-0.04715561, 0.0441955, -0.01436364
-0.98132265, 0.18280587, -0.05938902
0.90078729, 0.8741305
-0.04715561, 0.04646936, -2.91e-06
-0.98132265, 0.1922361, 0.0
0.91286546, 0.87221807
-0.04715561, 0.01435925, -0.04419841
-0.98132265, 0.05938902, -0.18280587
0.87569469, 0.89922439
-0.0494598, -0.02476081, 0.07620714
-0.81307411, 0.17987609, -0.55363625
0.97696221, 0.93212649
-0.0494598, -0.07620984, 0.02475812
-0.81304359, 0.55369729, -0.17987609
0.93369085, 0.97539793
-0.0494598, -0.07620984, -0.02476605
-0.81298256, 0.55375838, 0.17990661
0.89203829, 0.97539793
-0.04715561, 0.03759393, 0.02731142
-0.98132265, 0.15552232, 0.11297952
0.93583828, 0.87968276
-0.0494598, 0.06482622, -0.04710298
-0.81301308, -0.47099215, 0.34223455
0.87325168, 0.85677892
-0.04715561, 0.03759393, -0.02731724
-0.98132265, 0.15552232, -0.11297952
0.88989264, 0.87968276
-0.0494598, 0.07620984, -0.02476605
-0.81298256, -0.55372787, 0.17990661
0.89203829, 0.84720469
0.070872, 0.09289, 0.12785199
0.42222357, 0.53282267, 0.73335975
0.26825899, 0.818965
0.080581, 0.117788, 0.085578
0.95690787, 0.23490097, 0.17065951
0.20614199, 0.71349999
0.070872, 0.12785199, 0.09289
0.42222357, 0.73335975, 0.53279215
0.181035, 0.73174101
0.070872, 0.0, 0.158034
0.42219305, 0.0, 0.90649128
0.5, 0.894262
0.080581, 0.044991, 0.138469
0.95690787, 0.08972442, 0.276162
0.38775599, 0.84545
0.070872, 0.048835, 0.150299
0.42219305, 0.28009889, 0.86211735
0.378167, 0.874965
0.070872, -0.150299, -0.048835
0.42219305, -0.86211735, -0.28009889
0.87496501, 0.37816602
0.070872, -0.12785199, -0.09289
0.42222357, -0.73335975, -0.53279215
0.81896502, 0.26825899
0.080581, -0.044991, 0.138469
0.95690787, -0.08972442, 0.276162
0.61224401, 0.84545
0.080581, -0.138469, -0.044991
0.95690787, -0.276162, -0.08972442
0.845451, 0.38775599
0.070872, -0.158034, 0.0
0.42219305, -0.90649128, 0.0
0.89426202, 0.5
0.070872, 0.048835, -0.150299
0.42222357, 0.28009889, -0.86211735
0.37816599, 0.12503499
0.070872, 0.09289, -0.12785199
0.42222357, 0.53279215, -0.73335975
0.26825899, 0.18103498
0.070872, -0.048835, -0.150299
0.42222357, -0.28009889, -0.86211735
0.62183398, 0.12503499
0.080581, 0.044991, -0.138469
0.95690787, 0.08972442, -0.276162
0.38775599, 0.154549
0.070872, 0.0, -0.158034
0.42219305, 0.0, -0.90649128
0.5, 0.10573798
0.080581, 0.138469, 0.044991
0.95690787, 0.276162, 0.08972442
0.15455, 0.61224401
0.070872, 0.158034, 0.0
0.42219305, 0.90649128, 0.0
0.105738, 0.5
0.070872, 0.150299, 0.048835
0.42219305, 0.86211735, 0.28009889
0.125035, 0.62183401
-0.071399, 0.09289, 0.12785199
-0.42222357, 0.53282267, 0.73335975
0.26825899, 0.818965
0.070872, 0.150299, -0.048835
0.42219305, 0.86211735, -0.28009889
0.125035, 0.37816602
-0.070511, -0.057299, -0.078865
-0.8094424, 0.34510329, 0.47502059
0.98301619, 0.96586007
-0.062924, -0.05117, -0.07043
-0.6621601, 0.44044313, 0.60621965
0.97644585, 0.96108599
0.080581, 0.085578, 0.117789
0.95690787, 0.17065951, 0.23490097
0.28650001, 0.79385801
0.080581, -0.138469, 0.044991
0.95690787, -0.276162, 0.08972442
0.845451, 0.61224401
-0.081108, -0.044991, 0.138469
-0.95690787, -0.08972442, 0.276162
0.61224401, 0.84545
0.080581, 0.138469, -0.044991
0.95690787, 0.276162, -0.08972442
0.15455, 0.38775599
-0.071399, -0.150299, 0.048835
-0.42219305, -0.86211735, 0.28009889
0.87496501, 0.62183401
0.080581, -0.044991, -0.138469
0.95690787, -0.08972442, -0.276162
0.61224401, 0.154549
-0.06131565, -0.01718518, -0.01248917
-0.6824854, -0.59126562, -0.42957854
0.76344454, 0.09475797
-0.07869975, -0.00818542, -0.01126952
-0.81310463, -0.342143, -0.4709006
0.7729103, 0.07041472
-0.06131565, -0.0124861, -0.01718893
-0.68251592, -0.42957854, -0.59126562
0.75332749, 0.08464241
-0.06131565, -0.01718518, 0.01248303
-0.6824854, -0.59126562, 0.42960906
0.81720096, 0.09475797
-0.07869975, -0.00818542, 0.01126285
-0.81310463, -0.342143, 0.4709006
0.80773413, 0.07041472
-0.07869975, -0.01126596, 0.00818231
-0.81310463, -0.4709006, 0.342143
0.80297303, 0.07517576
-0.06131565, -0.0, -0.02124544
-0.6824854, 0.0, -0.73085725
0.74459535, 0.05776417
-0.07869975, 0.00430311, -0.01324741
-0.81310463, 0.17984557, -0.55360574
0.76985353, 0.05111367
-0.06131565, 0.006564, -0.020206
-0.6824854, 0.22580644, -0.69508958
0.74683285, 0.04363418
-0.06131565, -0.02124237, -3.07e-06
-0.6824854, -0.73085725, 0.0
0.79032278, 0.1034916
-0.07869975, -0.01324429, 0.0043
-0.81310463, -0.55360574, 0.17987609
0.79697293, 0.0782333
-0.07869975, -0.01392571, -3.11e-06
-0.81310463, -0.58207953, 0.0
0.7903226, 0.0792864
-0.06131565, -0.0, 0.0212393
-0.6824854, 0.0, 0.73085725
0.83605015, 0.05776417
-0.07869975, -0.00430311, 0.01324117
-0.81310463, -0.17987609, 0.55360574
0.81079143, 0.06441468
-0.06131565, -0.00656399, 0.02019986
-0.68251592, -0.22583696, 0.69508958
0.83381265, 0.07189405
-0.06131565, -0.02020293, 0.00656093
-0.68251592, -0.69508958, 0.22583696
0.8044526, 0.10125417
-0.06131565, 0.01718518, -0.01248917
-0.6824854, 0.59126562, -0.42957854
0.76344454, 0.02077043
-0.07869975, 0.00818542, -0.01126952
-0.81310463, 0.342143, -0.4709006
0.7729103, 0.04511362
-0.07869975, 0.01126596, -0.00818854
-0.81310463, 0.4709006, -0.34211248
0.77767193, 0.0403527
-0.06131565, 0.02124237, -3.07e-06
-0.6824854, 0.73085725, 0.0
0.79032278, 0.01203662
-0.07869975, 0.01324429, -0.00430667
-0.81310463, 0.55360574, -0.17987609
0.7836715, 0.03729516
-0.07869975, 0.01392571, -3.11e-06
-0.81310463, 0.58207953, 0.0
0.7903226, 0.03624207
-0.07869975, -0.01324429, -0.00430667
-0.81310463, -0.55360574, -0.17987609
0.7836715, 0.0782333
-0.06131565, -0.02020293, -0.00656774
-0.68251592, -0.69505906, -0.22583696
0.77619141, 0.10125417
-0.07869975, 0.00430311, 0.01324117
-0.81310463, 0.17987609, 0.55360574
0.81079143, 0.05111367
-0.07869975, -0.0, 0.01392259
-0.81310463, 0.0, 0.58207953
0.81184477, 0.05776423
-0.06131565, -0.0124861, 0.01718211
-0.6824854, -0.42960906, 0.59126562
0.82731646, 0.08464241
-0.07869975, 0.01324429, 0.0043
-0.81310463, 0.55360574, 0.17987609
0.79697293, 0.03729516
-0.06131565, 0.02020293, 0.00656093
-0.68251592, 0.69508958, 0.22583696
0.8044526, 0.01427424
-0.06131565, 0.0124861, -0.01718893
-0.68251592, 0.42957854, -0.59126562
0.75332749, 0.03088599
-0.06131565, -0.00656399, -0.020206
-0.6824854, -0.22580644, -0.69508958
0.74683285, 0.07189405
-0.07869975, -0.00430311, -0.01324741
-0.81310463, -0.17984557, -0.55360574
0.76985353, 0.06441468
-0.062924, 0.07043, 0.05117
-0.66228217, -0.60615861, -0.44038209
0.95832366, 0.97400352
-0.0494598, 0.04710028, 0.06482353
-0.81307411, -0.34217352, -0.47093111
0.97033048, 0.95348769
-0.06131565, 0.0124861, 0.01718211
-0.6824854, 0.42960906, 0.59126562
0.82731646, 0.03088599
-0.06131565, 0.006564, 0.02019986
-0.68251592, 0.22583696, 0.69508958
0.83381265, 0.04363418
-0.06131565, 0.02020293, -0.00656774
-0.68251592, 0.69505906, -0.22583696
0.77619141, 0.01427424
-0.0494598, -0.04710028, -0.06483147
-0.81295204, 0.34226507, 0.4710837
0.97033727, 0.9534877
-0.062924, -0.026902, -0.082795
-0.6621601, 0.23154393, 0.71266824
0.98613423, 0.93572564
-0.0494598, -0.08013083, -2.69e-06
-0.81304359, 0.58217108, 0.0
0.91332322, 0.98253427
-0.062924, -0.087056, 0.0
-0.66222113, 0.74925995, 0.0
0.91332555, 0.98862416
-0.07869975, -0.01126596, -0.00818854
-0.81310463, -0.4709006, -0.34211248
0.77767193, 0.07517576
-0.06131565, 0.01718518, 0.01248303
-0.6824854, 0.59126562, 0.42960906
0.81720096, 0.02077043
-0.07869975, 0.00818542, 0.01126285
-0.81310463, 0.342143, 0.4709006
0.80773413, 0.04511362
-0.062924, 0.05117, -0.07043
-0.6621601, -0.44044313, 0.60621965
0.9752605, 0.95706657
-0.0494598, 0.06482622, -0.04710298
-0.81301308, -0.47099215, 0.34223455
0.9547472, 0.96907564
0.074263, -0.103398, 0.0
0.93401897, 0.35718864, 0.0
0.110872, 0.502397
0.080581, -0.145595, 0.0
0.95690787, -0.29038361, 0.0
0.042855, 0.502397
-0.0494598, -0.02476081, -0.07621253
-0.81298256, 0.17990661, 0.55375838
0.98034561, 0.93384271
-0.07869975, 0.01126596, 0.00818231
-0.81310463, 0.4709006, 0.342143
0.80297303, 0.0403527
-0.062924, 0.082795, 0.026902
-0.66222113, -0.7126072, -0.23154393
0.93698275, 0.98487711
-0.0494598, 0.06482622, 0.04709759
-0.81307411, -0.47096163, -0.34217352
0.95474255, 0.96907564
-0.07869975, -0.0, -0.01392882
-0.81310463, 0.0, -0.58207953
0.76880044, 0.05776423
-0.062924, 0.0, 0.087056
-0.66228217, 0.0, -0.74922943
0.9898814, 0.91206843
-0.0494598, -0.02476081, 0.07620714
-0.81307411, 0.17987609, -0.55363625
0.98034096, 0.93384271
-0.062924, -0.026902, 0.082795
-0.66228217, 0.23151341, -0.71254617
0.98613423, 0.93572564
-0.0494598, 0.07620984, 0.02475812
-0.81304359, -0.55369729, -0.17987609
0.93509752, 0.97908621
-0.0494598, -0.07620984, 0.02475812
-0.81304359, 0.55369729, -0.17987609
0.93509752, 0.97908621
-0.0494598, 0.04710028, -0.06483147
-0.81295204, -0.34226507, 0.4710837
0.97033727, 0.95348769
-0.06131565, -0.0124861, -0.01718893
-0.68251592, -0.42957854, -0.59126562
0.8984111, 0.92180278
-0.06131565, -0.00656399, -0.020206
-0.6824854, -0.22580644, -0.69508958
0.89587349, 0.91682199
-0.06131565, 0.006564, 0.02019986
-0.68251592, 0.22583696, 0.69508958
0.92985702, 0.90578063
-0.070511, 0.057299, -0.078865
-0.8094424, -0.34510329, 0.47502059
0.72111601, 0.20528799
-0.07479, 0.060776, -0.08365
-0.93401897, -0.20993683, 0.28897977
0.736628, 0.183559
-0.06131565, 0.02020293, 0.00656093
-0.68251592, 0.69508958, 0.22583696
0.91838592, 0.89430954
-0.06131565, -0.02020293, -0.00656774
-0.68251592, -0.69505906, -0.22583696
0.90734404, 0.92829307
-0.06131565, -0.0124861, 0.01718211
-0.6824854, -0.42960906, 0.59126562
0.92731893, 0.92180278
-0.06131565, -0.01718518, 0.01248303
-0.6824854, -0.59126562, 0.42960906
0.92336679, 0.92575498
-0.070511, -0.030124, -0.092712
-0.8094424, 0.18143255, 0.55839717
0.99380207, 0.9446926
-0.062924, -0.026902, -0.082795
-0.6621601, 0.23154393, 0.71266824
0.98607749, 0.94218287
-0.06131565, -0.00656399, 0.02019986
-0.68251592, -0.22583696, 0.69508958
0.92985702, 0.91682199
-0.06131565, -0.0, -0.02124544
-0.6824854, 0.0, -0.73085725
0.89499927, 0.91130131
-0.06131565, 0.006564, -0.020206
-0.6824854, 0.22580644, -0.69508958
0.89587349, 0.90578063
-0.070511, 0.0, -0.097483
-0.80947292, 0.0, 0.58714563
0.99751848, 0.92122805
-0.070511, 0.092711, 0.030124
-0.80947292, -0.55839717, -0.18143255
0.94505048, 0.99344364
-0.062924, 0.082795, 0.026902
-0.66222113, -0.7126072, -0.23154393
0.94254065, 0.98571973
-0.070511, 0.078865, 0.057299
-0.8094424, -0.47502059, -0.34510329
0.96621788, 0.98265853
-0.06131565, -0.01718518, -0.01248917
-0.6824854, -0.59126562, -0.42957854
0.90236384, 0.92575498
-0.062924, -0.082795, -0.026902
-0.66219062, 0.71263772, 0.23151341
0.94254053, 0.98571972
-0.06131565, 0.0124861, -0.01718893
-0.68251592, 0.42957854, -0.59126562
0.8984111, 0.90079982
-0.06131565, -0.0, 0.0212393
-0.6824854, 0.0, 0.73085725
0.9307313, 0.91130131
-0.070511, -0.030124, 0.092712
-0.8094424, 0.18143255, -0.55839717
0.39176801, 0.85167
-0.07479, 0.08365, 0.060776
-0.93401897, -0.28897977, -0.20993683
0.82381701, 0.734047
-0.070511, 0.057299, 0.078865
-0.8094424, -0.34513381, -0.47502059
0.72111601, 0.79950599
-0.07479, 0.060775, 0.08365
-0.93398845, -0.20996734, -0.28897977
0.736628, 0.821236
-0.070511, -0.078865, -0.057299
-0.8094424, 0.47502059, 0.34510329
0.20814499, 0.28653502
-0.070511, 0.078865, 0.057299
-0.8094424, -0.47502059, -0.34510329
0.80236298, 0.71825999
-0.06131565, 0.01718518, 0.01248303
-0.6824854, 0.59126562, 0.42960906
0.92336679, 0.89684764
-0.07479, -0.060776, -0.08365
-0.93401897, 0.20993683, 0.28897977
0.27332899, 0.183559
-0.070511, -0.097483, 0.0
-0.80947292, 0.58714563, 0.0
0.138007, 0.502397
-0.06131565, 0.0124861, 0.01718211
-0.6824854, 0.42960906, 0.59126562
0.92731893, 0.90079982
-0.070511, -0.030124, -0.092712
-0.8094424, 0.18143255, 0.55839717
0.39176801, 0.15312499
-0.070511, 0.078865, -0.057299
-0.8094424, -0.47502059, 0.34510329
0.80236298, 0.28653502
-0.070511, 0.092711, -0.030124
-0.80947292, -0.55839717, 0.18143255
0.85452598, 0.38891202
-0.06131565, -0.02020293, 0.00656093
-0.68251592, -0.69508958, 0.22583696
0.91838592, 0.92829307
-0.06131565, -0.02124237, -3.07e-06
-0.6824854, -0.73085725, 0.0
0.91286522, 0.9291673
-0.06131565, 0.02020293, -0.00656774
-0.68251592, 0.69505906, -0.22583696
0.90734404, 0.89430954
-0.06131565, 0.02124237, -3.07e-06
-0.6824854, 0.73085725, 0.0
0.91286522, 0.89343531
-0.070511, -0.057299, -0.078865
-0.8094424, 0.34510329, 0.47502059
0.28939199, 0.20528799
-0.070511, -0.092712, -0.030124
-0.8094424, 0.55839717, 0.18143255
0.155981, 0.38891202
-0.070511, 0.0, -0.097483
-0.80947292, 0.0, 0.58714563
0.50525397, 0.13515103
-0.070511, 0.030124, -0.092711
-0.80947292, -0.18143255, 0.55839717
0.61873901, 0.15312499
-0.081108, 0.085578, -0.117788
-0.95690787, 0.17065951, -0.23490097
0.77606398, 0.12880898
0.07426303, 0.10339801, 0.0
0.93401897, -0.35718864, 0.0
0.89908397, 0.50239801
0.080581, 0.138469, -0.044991
0.95690787, 0.276162, -0.08972442
0.94381601, 0.35969901
0.080581, 0.145595, 0.0
0.95690787, 0.29038361, 0.0
0.96641701, 0.502397
0.080581, 0.138469, 0.044991
0.95690787, 0.276162, 0.08972442
0.94381601, 0.645096
0.080581, -0.138469, -0.044991
0.95690787, -0.276162, -0.08972442
0.065456, 0.35969901
0.074263, 0.0, -0.103398
0.93401897, 0.0, 0.35718864
0.50497901, 0.10829097
0.080581, -0.044991, -0.138469
0.95690787, -0.08972442, -0.276162
0.361938, 0.06321698
0.080581, 0.0, -0.145595
0.95690787, 0.0, -0.29038361
0.50463599, 0.04061598
-0.081108, 0.085578, 0.117789
-0.95690787, 0.17065951, 0.23490097
0.77606398, 0.875986
0.074263, -0.031952, -0.098337
0.93401897, 0.11035493, 0.33970153
0.38319299, 0.12757999
0.080581, -0.044991, 0.138469
0.95690787, -0.08972442, 0.276162
0.361938, 0.941577
0.074263, 0.0, 0.103398
0.93401897, 0.0, -0.35718864
0.504978, 0.896504
0.080581, 0.0, 0.145595
0.95690787, 0.0, 0.29038361
0.50463599, 0.964179
-0.081108, -0.117789, 0.085578
-0.95690787, -0.23490097, 0.17065951
0.131047, 0.773825
-0.081108, 0.0, -0.145595
-0.95690787, 0.0, -0.29038361
0.50463599, 0.04061598
0.070872, 0.150299, -0.048835
0.42219305, 0.86211735, -0.28009889
0.52717578, 0.71421799
-0.071399, 0.158034, 0.0
-0.42219305, 0.90649128, 0.0
0.42330462, 0.27729398
0.070872, 0.158034, 0.0
0.42219305, 0.90649128, 0.0
0.42330462, 0.71421799
-0.071399, 0.12785199, -0.09289
-0.42222357, 0.73335975, -0.53279215
0.181035, 0.26825899
-0.081108, 0.117788, 0.085578
-0.95690787, 0.23490097, 0.17065951
0.87822503, 0.773826
-0.06131565, 0.01718518, -0.01248917
-0.6824854, 0.59126562, -0.42957854
0.90236384, 0.89684764
-0.070511, -0.078865, 0.057299
-0.8094424, 0.47502059, -0.34510329
0.96621788, 0.98265851
0.074263, 0.098337, 0.031952
0.93401897, -0.33970153, -0.11038545
0.87979501, 0.624183
0.080581, 0.044991, -0.138469
0.95690787, 0.08972442, -0.276162
0.64733398, 0.06321698
0.074263, 0.031952, -0.098337
0.93401897, -0.11038545, 0.33970153
0.626764, 0.12757999
0.074263, 0.060776, -0.08365
0.93401897, -0.20993683, 0.28897977
0.736628, 0.183559
0.074263, -0.098337, -0.031952
0.93401897, 0.33970153, 0.11035493
0.130161, 0.38061202
0.074263, -0.08365001, -0.060776
0.93401897, 0.28897977, 0.20993683
0.18614, 0.27074701
0.074263, 0.098337, -0.031952
0.93401897, -0.33970153, 0.11038545
0.87979501, 0.38061202
-0.071399, -0.12785199, -0.09289
-0.42222357, -0.73335975, -0.53279215
0.42330378, 0.27729398
0.070872, -0.150299, -0.048835
0.42219305, -0.86211735, -0.28009889
0.52717501, 0.71421799
-0.071399, -0.150299, -0.048835
-0.42219305, -0.86211735, -0.28009889
0.52717501, 0.27729398
-0.07869975, -0.01392571, -3.11e-06
-0.81310463, -0.58207953, 0.0
0.98107386, 0.82637492
-0.07869975, -0.01324429, 0.0043
-0.81310463, -0.55360574, 0.17987609
0.98405129, 0.82590342
-0.07842589, 0.0, -3.2e-06
-0.99996948, 0.0, 0.0
0.9810738, 0.81673935
-0.07869975, -0.00818542, -0.01126952
-0.81310463, -0.342143, -0.4709006
0.97327834, 0.82240306
-0.07869975, -0.01126596, -0.00818854
-0.81310463, -0.4709006, -0.34211248
0.97541016, 0.82453457
-0.07869975, -0.01126596, 0.00818231
-0.81310463, -0.4709006, 0.342143
0.98673755, 0.82453457
-0.07869975, -0.00818542, 0.01126285
-0.81310463, -0.342143, 0.4709006
0.98886907, 0.82240306
-0.07869975, 0.00430311, 0.01324117
-0.81310463, 0.17987609, 0.55360574
0.99023789, 0.81376189
-0.07869975, 0.00818542, 0.01126285
-0.81310463, 0.342143, 0.4709006
0.98886907, 0.81107563
-0.07869975, 0.01126596, 0.00818231
-0.81310463, 0.4709006, 0.342143
0.98673755, 0.80894411
-0.07869975, -0.00430311, 0.01324117
-0.81310463, -0.17987609, 0.55360574
0.99023789, 0.81971677
-0.07869975, 0.01126596, -0.00818854
-0.81310463, 0.4709006, -0.34211248
0.97541016, 0.80894411
-0.07869975, 0.00818542, -0.01126952
-0.81310463, 0.342143, -0.4709006
0.97327834, 0.81107563
-0.07869975, -0.0, -0.01392882
-0.81310463, 0.0, -0.58207953
0.97143829, 0.81673935
-0.07869975, -0.00430311, -0.01324741
-0.81310463, -0.17984557, -0.55360574
0.97190982, 0.81971677
-0.07869975, 0.01324429, 0.0043
-0.81310463, 0.55360574, 0.17987609
0.98405129, 0.80757526
-0.07869975, 0.01324429, -0.00430667
-0.81310463, 0.55360574, -0.17987609
0.97809613, 0.80757526
-0.07869975, 0.01392571, -3.11e-06
-0.81310463, 0.58207953, 0.0
0.98107386, 0.80710375
-0.07869975, 0.00430311, -0.01324741
-0.81310463, 0.17984557, -0.55360574
0.97190982, 0.81376189
-0.07869975, -0.01324429, -0.00430667
-0.81310463, -0.55360574, -0.17987609
0.97809613, 0.82590342
-0.07869975, -0.0, 0.01392259
-0.81310463, 0.0, 0.58207953
0.99070942, 0.81673935
0.074263, -0.09833701, 0.03195201
0.93401897, 0.33970153, -0.11035493
0.87979501, 0.624183
0.06998398, -0.09748301, 0.0
0.80947292, 0.58714563, 0.0
0.8725, 0.50239801
0.06998398, -0.092711, 0.03012399
0.80947292, 0.55839717, -0.18143255
0.85452598, 0.61588299
0.074263, 0.098337, 0.031952
0.93401897, -0.33970153, -0.11038545
0.130161, 0.624183
0.06998401, 0.07886501, 0.057299
0.8094424, -0.47502059, -0.34510329
0.20814499, 0.71825999
0.06998401, 0.092712, 0.03012399
0.8094424, -0.55839717, -0.18143255
0.155981, 0.61588299
0.06998401, -0.030124, 0.09271199
0.8094424, 0.18143255, -0.55839717
0.61873901, 0.85167
0.074263, -0.031952, 0.098337
0.93401897, 0.11038545, -0.33970153
0.626764, 0.877215
0.074263, 0.060776, 0.08365001
0.93401897, -0.20993683, -0.28897977
0.27332801, 0.821236
0.074263, 0.08365, 0.060776
0.93401897, -0.28897977, -0.20993683
0.18614, 0.734047
0.06998398, -0.092711, -0.030124
0.80947292, 0.55839717, 0.18143255
0.94505042, 0.99344364
0.062397, -0.07043001, -0.05117
0.66219062, 0.60618913, 0.44041261
0.96144372, 0.97608824
0.062397, -0.08279501, -0.026902
0.66219062, 0.71263772, 0.23151341
0.94254053, 0.98571973
0.06998401, 0.092712, 0.03012399
0.8094424, -0.55839717, -0.18143255
0.94505048, 0.9934444
0.06239703, 0.087056, 0.0
0.66222113, -0.74925995, 0.0
0.9215858, 0.98903876
0.06998401, 0.09748299, 0.0
0.80947292, -0.58714563, 0.0
0.9215858, 0.99716068
0.062397, -0.08705601, 0.0
0.66222113, 0.74925995, 0.0
0.9215858, 0.98903878
0.06998398, -0.09748301, 0.0
0.80947292, 0.58714563, 0.0
0.9215858, 0.99716068
0.06998401, -0.07886501, 0.057299
0.8094424, 0.47502059, -0.34510329
0.96621788, 0.98265853
0.062397, -0.05117, 0.07043
0.66228217, 0.44038209, -0.6061281
0.97644603, 0.96108602
0.06998401, -0.057299, 0.07886501
0.8094424, 0.34510329, -0.47502059
0.98301625, 0.96586008
0.06998401, -0.030124, -0.092711
0.80947292, 0.18143255, 0.55839717
0.9938013, 0.9446926
0.062397, 0.0, -0.087056
0.6621601, 0.0, 0.74932098
0.98939645, 0.92122805
0.062397, -0.026902, -0.082795
0.6621601, 0.23154393, 0.71266824
0.98607749, 0.94218287
0.06998401, 0.092712, -0.030124
0.8094424, -0.55839717, 0.18143255
0.94505042, 0.9934444
0.062397, 0.07043001, -0.05117
0.66219062, -0.60618913, 0.44041261
0.96144372, 0.97608824
0.06998401, 0.07886501, -0.057299
0.8094424, -0.47502059, 0.34510329
0.96621782, 0.98265851
0.06998401, -0.030124, 0.09271199
0.8094424, 0.18143255, -0.55839717
0.99380219, 0.9446926
0.062397, 0.0, 0.08705599
0.66228217, 0.0, -0.74922943
0.98939657, 0.92122805
0.06998401, 0.0, 0.09748299
0.80947292, 0.0, -0.58714563
0.99751848, 0.92122805
0.06998401, 0.030124, 0.09271199
0.8094424, -0.18143255, -0.55839717
0.99380219, 0.9446926
0.062397, 0.026902, 0.08279501
0.66228217, -0.23151341, -0.71254617
0.98607749, 0.94218287
0.062397, -0.026902, 0.08279501
0.66228217, 0.23151341, -0.71254617
0.98607749, 0.94218287
0.062397, -0.05117, -0.07043
0.6621601, 0.44044313, 0.60621965
0.97644585, 0.96108602
0.06998401, -0.057299, -0.078865
0.8094424, 0.34510329, 0.47502059
0.98301619, 0.96586008
0.062397, 0.05117, 0.07043
0.66228217, -0.44038209, -0.6061281
0.97644603, 0.96108599
0.06998401, 0.057299, 0.07886501
0.8094424, -0.34510329, -0.47502059
0.98301625, 0.96586007
0.062397, 0.07043001, 0.05117001
0.66228217, -0.6061281, -0.44038209
0.96144372, 0.97608824
0.062397, 0.08279501, 0.02690201
0.66225165, -0.71257669, -0.23154393
0.94254065, 0.98571972
0.06998401, -0.07886501, -0.057299
0.8094424, 0.47502059, 0.34510329
0.96621782, 0.98265853
0.062397, -0.05117, 0.07043
0.66228217, 0.44038209, -0.6061281
0.97526073, 0.95706657
0.04893281, -0.02476081, 0.07620715
0.81307411, 0.17987609, -0.55363625
0.98034096, 0.93384273
0.062397, -0.026902, 0.08279501
0.66228217, 0.23151341, -0.71254617
0.98613423, 0.93572564
0.062397, -0.07043001, -0.05117
0.66219062, 0.60618913, 0.44041261
0.95832366, 0.97400352
0.04893281, -0.07620984, -0.02476605
0.81298256, 0.55375838, 0.17990661
0.93510443, 0.97908621
0.062397, -0.08279501, -0.026902
0.66219062, 0.71263772, 0.23151341
0.93698269, 0.98487711
0.04893281, 0.06482621, -0.04710297
0.81301308, -0.47099215, 0.34223455
0.9547472, 0.96907562
0.062397, 0.05117, -0.07043
0.6621601, -0.44044313, 0.60621965
0.9752605, 0.95706654
0.062397, 0.07043001, -0.05117
0.66219062, -0.60618913, 0.44041261
0.95832366, 0.97400351
0.04893281, 0.06482621, 0.04709759
0.81307411, -0.47096163, -0.34217352
0.95474255, 0.96907562
0.062397, 0.08279501, 0.02690201
0.66225165, -0.71257669, -0.23154393
0.93698275, 0.98487709
0.062397, 0.07043001, 0.05117001
0.66228217, -0.6061281, -0.44038209
0.95832366, 0.97400351
0.04893281, -0.08013083, -2.69e-06
0.81304359, 0.58217108, 0.0
0.91332322, 0.98253429
0.062397, -0.08705601, 0.0
0.66222113, 0.74925995, 0.0
0.91332555, 0.98862418
0.062397, 0.0, -0.087056
0.6621601, 0.0, 0.74932098
0.98988122, 0.91206843
0.04893281, -0.02476081, -0.07621253
0.81298256, 0.17990661, 0.55375838
0.98034561, 0.93384273
0.062397, -0.026902, -0.082795
0.6621601, 0.23154393, 0.71266824
0.98613423, 0.93572564
0.04893281, 0.07620983, -0.02476605
0.81298256, -0.55372787, 0.17990661
0.93510443, 0.97908621
0.062397, 0.08279501, -0.026902
0.66219062, -0.71263772, 0.23151341
0.93698269, 0.98487709
0.04893281, 0.04710028, 0.06482352
0.81307411, -0.34217352, -0.47093111
0.97033048, 0.9534877
0.062397, 0.05117, 0.07043
0.66228217, -0.44038209, -0.6061281
0.97526073, 0.95706654
0.04893281, 0.06482621, -0.04710297
0.81301308, -0.47099215, 0.34223455
0.87325168, 0.96582368
0.04662862, 0.02731433, -0.03759832
0.98132265, 0.11297952, -0.1554918
0.88124573, 0.93427415
0.04893281, 0.04710028, -0.06483147
0.81295204, -0.34226507, 0.4710837
0.85834116, 0.95091521
0.04893281, 0.02476082, -0.07621253
0.81298256, -0.17990661, 0.55375838
0.84876901, 0.93212649
0.04662862, 0.01435925, -0.04419841
0.98132265, 0.05938902, -0.18280587
0.87569469, 0.92337821
0.04893281, -0.02476081, -0.07621253
0.81298256, 0.17990661, 0.55375838
0.84876901, 0.89047612
0.04662862, -0.02731433, -0.03759832
0.98132265, -0.11297952, -0.1554918
0.88124573, 0.88832848
0.04893281, -0.04710029, -0.06483147
0.81295204, 0.34226507, 0.4710837
0.85834116, 0.87168741
0.04893281, -0.08013083, -2.69e-06
0.81304359, 0.58217108, 0.0
0.91286564, 0.84390691
0.04662862, -0.0441955, 0.01435634
0.98132265, -0.18280587, 0.05938902
0.92494237, 0.8741305
0.04893281, -0.07620984, 0.02475812
0.81304359, 0.55369729, -0.17987609
0.93369085, 0.84720469
0.04662862, 0.0441955, -0.01436364
0.98132265, 0.18280587, -0.05938902
0.90078729, 0.94847213
0.04662862, 0.03759393, -0.02731724
0.98132265, 0.15552232, -0.11297952
0.88989264, 0.94291984
0.04893281, -0.04710029, 0.06482352
0.81307411, 0.34217352, -0.47093111
0.96738803, 0.87168741
0.04662862, -0.01435925, 0.0441926
0.98132265, -0.05938902, 0.18280587
0.95003629, 0.89922439
0.04893281, -0.02476081, 0.07620715
0.81307411, 0.17987609, -0.55363625
0.97696221, 0.89047612
0.04893281, 0.04710028, 0.06482352
0.81307411, -0.34217352, -0.47093111
0.96738803, 0.95091521
0.04662862, 0.01435925, 0.0441926
0.98132265, 0.05938902, 0.18280587
0.95003629, 0.92337821
0.04662862, 0.02731433, 0.03759103
0.98132265, 0.11297952, 0.15552232
0.944484, 0.93427415
0.04893281, 0.0, 0.08012812
0.81307411, 0.0, -0.58211005
0.98025995, 0.91130131
0.04662862, 0.0, 0.04646645
0.98132265, 0.0, 0.1922361
0.95194858, 0.91130131
0.04893281, 0.0, -0.08013352
0.81298256, 0.0, 0.58223212
0.84547126, 0.91130131
0.04662862, 0.0, -0.04647227
0.98132265, 0.0, -0.1922361
0.87378216, 0.91130131
0.04893281, 0.06482621, 0.04709759
0.81307411, -0.47096163, -0.34217352
0.95247954, 0.96582368
0.04662862, 0.03759393, 0.02731143
0.98132265, 0.15552232, 0.11297952
0.93583828, 0.94291984
0.04893281, 0.08013083, -2.69e-06
0.81304359, -0.58217108, 0.0
0.91286564, 0.97869569
0.04662862, 0.0441955, 0.01435634
0.98132265, 0.18280587, 0.05938902
0.92494237, 0.94847213
0.04662862, 0.04646936, -2.91e-06
0.98132265, 0.1922361, 0.0
0.91286546, 0.95038455
0.04893281, -0.06482622, 0.04709759
0.81307411, 0.47096163, -0.34217352
0.95247954, 0.85677892
0.04662862, -0.02731433, 0.03759103
0.98132265, -0.11297952, 0.15552232
0.944484, 0.88832848
0.04662862, -0.0441955, -0.01436364
0.98132265, -0.18280587, -0.05938902
0.90078729, 0.8741305
0.04662862, -0.04646936, -2.91e-06
0.98132265, -0.1922361, 0.0
0.91286546, 0.87221807
0.04662862, -0.01435925, -0.04419841
0.98132265, -0.05938902, -0.18280587
0.87569469, 0.89922439
0.04893281, 0.02476082, 0.07620715
0.81307411, -0.17987609, -0.55363625
0.97696221, 0.93212649
0.04893281, 0.07620983, 0.02475812
0.81304359, -0.55369729, -0.17987609
0.93369085, 0.97539793
0.04893281, 0.07620983, -0.02476605
0.81298256, -0.55372787, 0.17990661
0.89203829, 0.97539793
0.04662862, -0.03759393, 0.02731143
0.98132265, -0.15552232, 0.11297952
0.93583828, 0.87968276
0.04893281, -0.06482622, -0.04710297
0.81301308, 0.47099215, 0.34223455
0.87325168, 0.85677892
0.04662862, -0.03759393, -0.02731724
0.98132265, -0.15552232, -0.11297952
0.88989264, 0.87968276
0.04893281, -0.07620984, -0.02476605
0.81298256, 0.55375838, 0.17990661
0.89203829, 0.84720469
0.06998401, 0.057299, -0.078865
0.8094424, -0.34510329, 0.47502059
0.98301619, 0.96586007
0.062397, 0.05117, -0.07043
0.6621601, -0.44044313, 0.60621965
0.97644585, 0.96108599
0.06078865, 0.01718519, -0.01248917
0.6824854, 0.59126562, -0.42957854
0.76344454, 0.09475797
0.07817277, 0.00818542, -0.01126952
0.81310463, 0.342143, -0.4709006
0.7729103, 0.07041472
0.06078865, 0.0124861, -0.01718892
0.68251592, 0.42957854, -0.59126562
0.75332749, 0.08464241
0.06078865, 0.01718519, 0.01248303
0.6824854, 0.59126562, 0.42960906
0.81720096, 0.09475797
0.07817277, 0.00818542, 0.01126285
0.81310463, 0.342143, 0.4709006
0.80773413, 0.07041472
0.07817277, 0.01126596, 0.00818231
0.81310463, 0.4709006, 0.342143
0.80297303, 0.07517576
0.06078865, 0.0, -0.02124544
0.6824854, 0.0, -0.73085725
0.74459535, 0.05776417
0.07817277, -0.00430311, -0.01324741
0.81310463, -0.17984557, -0.55360574
0.76985353, 0.05111367
0.06078865, -0.006564, -0.020206
0.6824854, -0.22580644, -0.69508958
0.74683285, 0.04363418
0.06078865, 0.02124237, -3.07e-06
0.6824854, 0.73085725, 0.0
0.79032278, 0.1034916
0.07817277, 0.01324429, 0.0043
0.81310463, 0.55360574, 0.17987609
0.79697293, 0.0782333
0.07817277, 0.01392571, -3.11e-06
0.81310463, 0.58207953, 0.0
0.7903226, 0.0792864
0.06078865, 0.0, 0.0212393
0.6824854, 0.0, 0.73085725
0.83605015, 0.05776417
0.07817277, 0.00430311, 0.01324117
0.81310463, 0.17987609, 0.55360574
0.81079143, 0.06441468
0.06078865, 0.006564, 0.02019987
0.68251592, 0.22583696, 0.69508958
0.83381265, 0.07189405
0.06078865, 0.02020293, 0.00656093
0.68251592, 0.69508958, 0.22583696
0.8044526, 0.10125417
0.06078865, -0.01718518, -0.01248917
0.6824854, -0.59126562, -0.42957854
0.76344454, 0.02077043
0.07817277, -0.00818542, -0.01126952
0.81310463, -0.342143, -0.4709006
0.7729103, 0.04511362
0.07817277, -0.01126596, -0.00818854
0.81310463, -0.4709006, -0.34211248
0.77767193, 0.0403527
0.06078865, -0.02124238, -3.07e-06
0.6824854, -0.73085725, 0.0
0.79032278, 0.01203662
0.07817277, -0.01324429, -0.00430667
0.81310463, -0.55360574, -0.17987609
0.7836715, 0.03729516
0.07817277, -0.01392571, -3.11e-06
0.81310463, -0.58207953, 0.0
0.7903226, 0.03624207
0.07817277, 0.01324429, -0.00430667
0.81310463, 0.55360574, -0.17987609
0.7836715, 0.0782333
0.06078865, 0.02020293, -0.00656774
0.68251592, 0.69505906, -0.22583696
0.77619141, 0.10125417
0.07817277, -0.00430311, 0.01324117
0.81310463, -0.17987609, 0.55360574
0.81079143, 0.05111367
0.07817277, 0.0, 0.01392259
0.81310463, 0.0, 0.58207953
0.81184477, 0.05776423
0.06078865, 0.0124861, 0.01718211
0.6824854, 0.42960906, 0.59126562
0.82731646, 0.08464241
0.07817277, -0.01324429, 0.0043
0.81310463, -0.55360574, 0.17987609
0.79697293, 0.03729516
0.06078865, -0.02020293, 0.00656093
0.68251592, -0.69508958, 0.22583696
0.8044526, 0.01427424
0.06078865, -0.0124861, -0.01718892
0.68251592, -0.42957854, -0.59126562
0.75332749, 0.03088599
0.06078865, 0.006564, -0.020206
0.6824854, 0.22580644, -0.69508958
0.74683285, 0.07189405
0.07817277, 0.00430311, -0.01324741
0.81310463, 0.17984557, -0.55360574
0.76985353, 0.06441468
0.062397, -0.07043001, 0.05117001
0.66228217, 0.60615861, -0.44038209
0.95832366, 0.97400352
0.04893281, -0.04710029, 0.06482352
0.81307411, 0.34217352, -0.47093111
0.97033048, 0.95348769
0.06078865, -0.0124861, 0.01718211
0.6824854, -0.42960906, 0.59126562
0.82731646, 0.03088599
0.06078865, -0.006564, 0.02019987
0.68251592, -0.22583696, 0.69508958
0.83381265, 0.04363418
0.06078865, -0.02020293, -0.00656774
0.68251592, -0.69505906, -0.22583696
0.77619141, 0.01427424
0.04893281, 0.04710028, -0.06483147
0.81295204, -0.34226507, 0.4710837
0.97033727, 0.9534877
0.062397, 0.026902, -0.082795
0.6621601, -0.23154393, 0.71266824
0.98613423, 0.93572564
0.04893281, 0.08013083, -2.69e-06
0.81304359, -0.58217108, 0.0
0.91332322, 0.98253427
0.06239703, 0.087056, 0.0
0.66222113, -0.74925995, 0.0
0.91332555, 0.98862416
0.07817277, 0.01126596, -0.00818854
0.81310463, 0.4709006, -0.34211248
0.77767193, 0.07517576
0.06078865, -0.01718518, 0.01248303
0.6824854, -0.59126562, 0.42960906
0.81720096, 0.02077043
0.07817277, -0.00818542, 0.01126285
0.81310463, -0.342143, 0.4709006
0.80773413, 0.04511362
0.062397, -0.05117, -0.07043
0.6621601, 0.44044313, 0.60621965
0.9752605, 0.95706657
0.04893281, -0.06482622, -0.04710297
0.81301308, 0.47099215, 0.34223455
0.9547472, 0.96907564
0.04893281, 0.02476082, -0.07621253
0.81298256, -0.17990661, 0.55375838
0.98034561, 0.93384271
0.07817277, -0.01126596, 0.00818231
0.81310463, -0.4709006, 0.342143
0.80297303, 0.0403527
0.062397, -0.08279501, 0.02690201
0.66222113, 0.7126072, -0.23154393
0.93698275, 0.98487711
0.04893281, -0.06482622, 0.04709759
0.81307411, 0.47096163, -0.34217352
0.95474255, 0.96907564
0.07817277, 0.0, -0.01392882
0.81310463, 0.0, -0.58207953
0.76880044, 0.05776423
0.062397, 0.0, 0.08705599
0.66228217, 0.0, -0.74922943
0.9898814, 0.91206843
0.04893281, 0.02476082, 0.07620715
0.81307411, -0.17987609, -0.55363625
0.98034096, 0.93384271
0.062397, 0.026902, 0.08279501
0.66228217, -0.23151341, -0.71254617
0.98613423, 0.93572564
0.04893281, -0.07620984, 0.02475812
0.81304359, 0.55369729, -0.17987609
0.93509752, 0.97908621
0.04893281, 0.07620983, 0.02475812
0.81304359, -0.55369729, -0.17987609
0.93509752, 0.97908621
0.04893281, -0.04710029, -0.06483147
0.81295204, 0.34226507, 0.4710837
0.97033727, 0.95348769
0.06078865, 0.0124861, -0.01718892
0.68251592, 0.42957854, -0.59126562
0.8984111, 0.92180278
0.06078865, 0.006564, -0.020206
0.6824854, 0.22580644, -0.69508958
0.89587349, 0.91682199
0.06078865, -0.006564, 0.02019987
0.68251592, -0.22583696, 0.69508958
0.92985702, 0.90578063
0.074263, -0.060776, -0.08365
0.93401897, 0.20993683, 0.28897977
0.736628, 0.183559
0.06998401, -0.07886501, -0.057299
0.8094424, 0.47502059, 0.34510329
0.80236298, 0.28653502
0.074263, -0.08365001, -0.060776
0.93401897, 0.28897977, 0.20993683
0.82381701, 0.27074802
0.06078865, -0.02020293, 0.00656093
0.68251592, -0.69508958, 0.22583696
0.91838592, 0.89430954
0.06078865, 0.02020293, -0.00656774
0.68251592, 0.69505906, -0.22583696
0.90734404, 0.92829307
0.06078865, 0.0124861, 0.01718211
0.6824854, 0.42960906, 0.59126562
0.92731893, 0.92180278
0.06078865, 0.01718519, 0.01248303
0.6824854, 0.59126562, 0.42960906
0.92336679, 0.92575498
0.06998401, 0.030124, -0.092712
0.8094424, -0.18143255, 0.55839717
0.99380207, 0.9446926
0.062397, 0.026902, -0.082795
0.6621601, -0.23154393, 0.71266824
0.98607749, 0.94218287
0.06078865, 0.006564, 0.02019987
0.68251592, 0.22583696, 0.69508958
0.92985702, 0.91682199
0.06078865, 0.0, -0.02124544
0.6824854, 0.0, -0.73085725
0.89499927, 0.91130131
0.06078865, -0.006564, -0.020206
0.6824854, -0.22580644, -0.69508958
0.89587349, 0.90578063
0.06998401, 0.0, -0.097483
0.80947292, 0.0, 0.58714563
0.99751848, 0.92122805
0.06998398, -0.092711, 0.03012399
0.80947292, 0.55839717, -0.18143255
0.94505048, 0.99344364
0.062397, -0.08279501, 0.02690201
0.66222113, 0.7126072, -0.23154393
0.94254065, 0.98571973
0.062397, -0.07043001, 0.05117001
0.66228217, 0.60615861, -0.44038209
0.96144372, 0.97608824
0.06078865, 0.01718519, -0.01248917
0.6824854, 0.59126562, -0.42957854
0.90236384, 0.92575498
0.062397, 0.08279501, -0.026902
0.66219062, -0.71263772, 0.23151341
0.94254053, 0.98571972
0.06078865, -0.0124861, -0.01718892
0.68251592, -0.42957854, -0.59126562
0.8984111, 0.90079982
0.06078865, 0.0, 0.0212393
0.6824854, 0.0, 0.73085725
0.9307313, 0.91130131
0.06998401, 0.030124, 0.09271199
0.8094424, -0.18143255, -0.55839717
0.39176801, 0.85167
0.074263, 0.031952, 0.098337
0.93401897, -0.11038545, -0.33970153
0.38319299, 0.877215
0.06998401, 0.057299, 0.07886501
0.8094424, -0.34510329, -0.47502059
0.28939101, 0.79950599
0.06998401, -0.07886501, 0.057299
0.8094424, 0.47502059, -0.34510329
0.80236298, 0.71825999
0.074263, -0.060776, 0.08365
0.93401897, 0.20993683, -0.28897977
0.736628, 0.821236
0.074263, -0.08365001, 0.060776
0.93401897, 0.28897977, -0.20993683
0.82381701, 0.734047
0.074263, 0.098337, -0.031952
0.93401897, -0.33970153, 0.11038545
0.130161, 0.38061202
0.06998401, 0.07886501, -0.057299
0.8094424, -0.47502059, 0.34510329
0.20814499, 0.28653502
0.07426303, 0.08365001, -0.060776
0.93401897, -0.28897977, 0.20993683
0.18614, 0.27074701
0.074263, -0.031952, -0.098337
0.93401897, 0.11035493, 0.33970153
0.626764, 0.12757999
0.06998401, -0.057299, -0.078865
0.8094424, 0.34510329, 0.47502059
0.72111601, 0.20528799
0.06078865, -0.01718518, 0.01248303
0.6824854, -0.59126562, 0.42960906
0.92336679, 0.89684764
0.074263, 0.060776, -0.08365
0.93401897, -0.20993683, 0.28897977
0.27332899, 0.183559
0.07426303, 0.10339801, 0.0
0.93401897, -0.35718864, 0.0
0.110872, 0.502397
0.06998401, 0.09748299, 0.0
0.80947292, -0.58714563, 0.0
0.138007, 0.502397
0.06078865, -0.0124861, 0.01718211
0.6824854, -0.42960906, 0.59126562
0.92731893, 0.90079982
0.06998401, 0.030124, -0.092712
0.8094424, -0.18143255, 0.55839717
0.39176801, 0.15312499
0.074263, 0.031952, -0.098337
0.93401897, -0.11038545, 0.33970153
0.38319299, 0.12757999
0.074263, -0.098337, -0.031952
0.93401897, 0.33970153, 0.11035493
0.87979501, 0.38061202
0.06998398, -0.092711, -0.030124
0.80947292, 0.55839717, 0.18143255
0.85452598, 0.38891202
0.074263, -0.103398, 0.0
0.93401897, 0.35718864, 0.0
0.89908397, 0.50239801
0.06078865, 0.02020293, 0.00656093
0.68251592, 0.69508958, 0.22583696
0.91838592, 0.92829307
0.06078865, 0.02124237, -3.07e-06
0.6824854, 0.73085725, 0.0
0.91286522, 0.9291673
0.06078865, -0.02020293, -0.00656774
0.68251592, -0.69505906, -0.22583696
0.90734404, 0.89430954
0.06078865, -0.02124238, -3.07e-06
0.6824854, -0.73085725, 0.0
0.91286522, 0.89343531
0.06998401, 0.057299, -0.078865
0.8094424, -0.34510329, 0.47502059
0.28939199, 0.20528799
0.06998401, 0.092712, -0.030124
0.8094424, -0.55839717, 0.18143255
0.155981, 0.38891202
0.06998401, 0.0, -0.097483
0.80947292, 0.0, 0.58714563
0.50525397, 0.13515103
0.06998401, -0.030124, -0.092711
0.80947292, 0.18143255, 0.55839717
0.61873901, 0.15312499
0.06998401, -0.057299, 0.07886501
0.8094424, 0.34510329, -0.47502059
0.72111601, 0.79950599
0.06078865, -0.01718518, -0.01248917
0.6824854, -0.59126562, -0.42957854
0.90236384, 0.89684764
0.06998401, 0.07886501, 0.057299
0.8094424, -0.47502059, -0.34510329
0.96621788, 0.98265851
0.07817277, 0.01392571, -3.11e-06
0.81310463, 0.58207953, 0.0
0.98107386, 0.82637492
0.07817277, 0.01324429, 0.0043
0.81310463, 0.55360574, 0.17987609
0.98405129, 0.82590342
0.07789891, 0.0, -3.2e-06
1.0, 0.0, 0.0
0.9810738, 0.81673935
0.07817277, 0.00818542, -0.01126952
0.81310463, 0.342143, -0.4709006
0.97327834, 0.82240306
0.07817277, 0.01126596, -0.00818854
0.81310463, 0.4709006, -0.34211248
0.97541016, 0.82453457
0.07817277, 0.01126596, 0.00818231
0.81310463, 0.4709006, 0.342143
0.98673755, 0.82453457
0.07817277, 0.00818542, 0.01126285
0.81310463, 0.342143, 0.4709006
0.98886907, 0.82240306
0.07817277, -0.00430311, 0.01324117
0.81310463, -0.17987609, 0.55360574
0.99023789, 0.81376189
0.07817277, -0.00818542, 0.01126285
0.81310463, -0.342143, 0.4709006
0.98886907, 0.81107563
0.07817277, -0.01126596, 0.00818231
0.81310463, -0.4709006, 0.342143
0.98673755, 0.80894411
0.07817277, 0.00430311, 0.01324117
0.81310463, 0.17987609, 0.55360574
0.99023789, 0.81971677
0.07817277, -0.01126596, -0.00818854
0.81310463, -0.4709006, -0.34211248
0.97541016, 0.80894411
0.07817277, -0.00818542, -0.01126952
0.81310463, -0.342143, -0.4709006
0.97327834, 0.81107563
0.07817277, 0.0, -0.01392882
0.81310463, 0.0, -0.58207953
0.97143829, 0.81673935
0.07817277, 0.00430311, -0.01324741
0.81310463, 0.17984557, -0.55360574
0.97190982, 0.81971677
0.07817277, -0.01324429, 0.0043
0.81310463, -0.55360574, 0.17987609
0.98405129, 0.80757526
0.07817277, -0.01324429, -0.00430667
0.81310463, -0.55360574, -0.17987609
0.97809613, 0.80757526
0.07817277, -0.01392571, -3.11e-06
0.81310463, -0.58207953, 0.0
0.98107386, 0.80710375
0.07817277, -0.00430311, -0.01324741
0.81310463, -0.17984557, -0.55360574
0.97190982, 0.81376189
0.07817277, 0.01324429, -0.00430667
0.81310463, 0.55360574, -0.17987609
0.97809613, 0.82590342
0.07817277, 0.0, 0.01392259
0.81310463, 0.0, 0.58207953
0.99070942, 0.81673935
-0.071399, 0.048835, -0.150299
-0.42222357, 0.28009889, -0.86211735
0.52717501, 0.27729398
-0.071399, -0.12785199, -0.09289
-0.42222357, -0.73335975, -0.53279215
0.52717501, 0.27729398
-0.071399, -0.158034, 0.0
-0.42219305, -0.90649128, 0.0
0.52717417, 0.27729398
-0.071399, -0.048835, -0.150299
-0.42222357, -0.28009889, -0.86211735
0.52717501, 0.27729398
-0.071399, 0.09289, 0.12785199
-0.42222357, 0.53282267, 0.73335975
0.52717501, 0.27729398
-0.071399, 0.150299, 0.048835
-0.42219305, 0.86211735, 0.28009889
0.52717501, 0.27729398
-0.071399, 0.158034, 0.0
-0.42219305, 0.90649128, 0.0
0.52717501, 0.27729398
-0.071399, 0.048835, 0.150299
-0.42219305, 0.28009889, 0.86211735
0.52717501, 0.27729398
-0.071399, -0.048835, 0.150299
-0.42222357, -0.28009889, 0.86211735
0.52717501, 0.27729398
-0.071399, 0.12785199, 0.09289
-0.42222357, 0.73335975, 0.53279215
0.52717501, 0.27729398
-0.071399, -0.09289, -0.12785199
-0.42222357, -0.53279215, -0.73335975
0.52717501, 0.27729398
-0.071399, -0.09289, 0.12785199
-0.42222357, -0.53279215, 0.73335975
0.52717501, 0.27729398
-0.071399, -0.12785199, 0.09289
-0.42222357, -0.73335975, 0.53282267
0.52717501, 0.27729398
-0.071399, -0.150299, 0.048835
-0.42219305, -0.86211735, 0.28009889
0.52638727, 0.27727997
-0.071399, 0.12785199, -0.09289
-0.42222357, 0.73335975, -0.53279215
0.52717578, 0.27729398
-0.071399, 0.0, -0.158034
-0.42219305, 0.0, -0.90649128
0.52717501, 0.27729398
-0.071399, 0.09289, -0.12785199
-0.42222357, 0.53279215, -0.73335975
0.52717578, 0.27729398
-0.071399, 0.0, 0.158034
-0.42219305, 0.0, 0.90649128
0.52717578, 0.27729398
-0.071399, -0.09289, -0.12785199
-0.42222357, -0.53279215, -0.73335975
0.73174101, 0.18103498
-0.070511, 0.0, 0.097483
-0.80947292, 0.0, -0.58714563
0.50525397, 0.869644
-0.0494598, -0.0, -0.08013352
-0.81298256, 0.0, 0.58223212
0.98379374, 0.91206843
0.080581, 0.0, 0.145595
0.95690787, 0.0, 0.29038361
0.5, 0.86322799
0.080581, -0.145595, 0.0
0.95690787, -0.29038361, 0.0
0.86322802, 0.5
0.080581, 0.0, -0.145595
0.95690787, 0.0, -0.29038361
0.5, 0.13677198
0.080581, 0.145595, 0.0
0.95690787, 0.29038361, 0.0
0.13677201, 0.5
-0.0494598, -0.0, 0.08012813
-0.81307411, 0.0, -0.58211005
0.98378909, 0.91206843
-0.071399, 0.150299, -0.048835
-0.42219305, 0.86211735, -0.28009889
0.52717578, 0.27729398
0.070872, -0.12785199, -0.09289
0.42222357, -0.73335975, -0.53279215
0.42330378, 0.71421799
0.06998401, 0.0, 0.09748299
0.80947292, 0.0, -0.58714563
0.50525397, 0.869644
0.04893281, 0.0, -0.08013352
0.81298256, 0.0, 0.58223212
0.98379374, 0.91206843
0.04893281, 0.0, 0.08012812
0.81307411, 0.0, -0.58211005
0.98378909, 0.91206843
# Number of Faces:
720
# Face Data:
0, 1, 2
3, 4, 5
6, 7, 8
9, 10, 11
12, 13, 14
15, 16, 17
18, 19, 20
21, 22, 23
24, 25, 26
27, 28, 29
30, 31, 32
33, 34, 35
36, 37, 38
39, 40, 41
42, 43, 44
45, 46, 47
48, 49, 50
51, 52, 53
54, 55, 56
57, 58, 59
60, 61, 62
63, 64, 65
66, 67, 68
69, 70, 63
71, 72, 73
74, 75, 76
77, 78, 79
80, 81, 45
82, 83, 84
79, 85, 86
87, 88, 89
46, 90, 47
91, 92, 67
77, 76, 93
94, 73, 95
94, 96, 87
97, 83, 98
69, 99, 100
101, 102, 103
104, 105, 106
107, 108, 109
110, 111, 112
113, 114, 115
116, 117, 118
119, 120, 121
122, 123, 124
125, 126, 127
128, 129, 130
131, 132, 133
134, 135, 136
137, 110, 112
138, 129, 139
140, 132, 126
141, 142, 143
144, 145, 146
147, 142, 105
139, 148, 149
150, 151, 152
153, 132, 154
155, 156, 127
157, 158, 159
160, 161, 162
157, 163, 164
165, 166, 167
168, 169, 170
171, 172, 173
174, 175, 176
177, 175, 178
174, 167, 179
168, 180, 181
177, 182, 183
160, 184, 185
181, 158, 186
187, 188, 189
190, 191, 192
193, 194, 195
196, 197, 198
192, 199, 200
201, 202, 203
204, 195, 205
206, 198, 207
208, 209, 210
211, 209, 212
213, 214, 215
216, 217, 218
208, 219, 220
221, 222, 223
224, 225, 226
227, 222, 228
229, 212, 230
231, 226, 232
233, 234, 235
236, 237, 221
216, 238, 239
229, 240, 213
227, 225, 241
231, 234, 242
233, 219, 243
236, 217, 244
245, 214, 246
245, 238, 247
248, 249, 250
251, 252, 253
75, 65, 64
57, 254, 255
256, 251, 90
257, 258, 254
60, 259, 260
261, 59, 58
262, 263, 259
264, 265, 266
267, 88, 92
268, 62, 61
269, 172, 270
249, 266, 250
253, 271, 248
258, 272, 80
66, 273, 97
265, 274, 268
275, 84, 99
263, 276, 261
277, 278, 279
280, 281, 282
283, 284, 285
286, 287, 288
289, 290, 291
280, 287, 292
293, 294, 295
296, 297, 298
286, 299, 300
289, 301, 302
303, 290, 281
296, 304, 305
285, 294, 306
307, 278, 308
309, 310, 187
311, 301, 312
293, 297, 313
314, 315, 194
316, 205, 317
277, 299, 318
319, 320, 311
321, 322, 190
323, 124, 324
325, 201, 315
319, 304, 326
327, 328, 309
283, 308, 329
330, 331, 332
331, 207, 332
200, 333, 327
334, 317, 197
203, 335, 321
188, 330, 189
212, 336, 337
237, 338, 222
339, 115, 340
220, 336, 209
239, 341, 217
235, 342, 219
232, 343, 344
345, 270, 346
228, 347, 225
230, 337, 348
230, 349, 240
345, 169, 350
351, 163, 352
351, 166, 353
220, 342, 354
171, 161, 355
240, 356, 214
228, 338, 357
226, 347, 343
132, 358, 126
126, 155, 127
359, 360, 361
105, 362, 106
139, 363, 359
136, 339, 340
244, 341, 364
362, 365, 106
142, 152, 366
244, 367, 237
368, 135, 120
113, 369, 370
113, 148, 129
235, 371, 372
239, 373, 374
120, 375, 368
142, 376, 105
136, 377, 378
340, 114, 379
380, 381, 382
383, 380, 382
106, 119, 104
384, 323, 324
385, 386, 387
388, 154, 131
389, 103, 386
390, 391, 392
379, 136, 340
146, 391, 144
393, 150, 141
121, 135, 394
361, 153, 154
395, 396, 397
398, 85, 72
399, 139, 359
232, 371, 234
246, 373, 238
246, 356, 400
183, 184, 401
116, 402, 383
125, 156, 393
403, 385, 387
404, 108, 405
406, 102, 407
388, 359, 361
109, 408, 107
409, 410, 411
412, 413, 414
415, 416, 414
417, 418, 414
419, 420, 414
420, 421, 414
418, 422, 414
423, 424, 414
425, 426, 414
421, 427, 414
428, 423, 414
429, 428, 414
413, 417, 414
430, 425, 414
431, 412, 414
432, 419, 414
422, 432, 414
424, 430, 414
426, 415, 414
427, 429, 414
416, 431, 414
433, 434, 435
436, 437, 438
439, 391, 440
441, 437, 442
443, 444, 445
446, 447, 448
443, 449, 450
451, 452, 453
454, 455, 456
457, 458, 459
460, 461, 462
463, 461, 464
460, 452, 465
454, 466, 467
463, 468, 469
446, 470, 471
466, 472, 467
473, 474, 475
476, 477, 478
479, 480, 481
482, 483, 484
478, 485, 486
487, 488, 489
490, 481, 491
492, 484, 493
494, 495, 496
497, 495, 498
499, 500, 501
502, 503, 504
494, 505, 506
507, 508, 509
510, 511, 512
513, 508, 514
515, 498, 516
517, 512, 518
519, 520, 521
522, 523, 507
502, 524, 525
515, 526, 499
513, 511, 527
517, 520, 528
519, 505, 529
522, 503, 530
531, 500, 532
531, 524, 533
534, 458, 535
536, 537, 538
539, 540, 541
542, 543, 544
545, 546, 547
548, 549, 550
539, 546, 551
552, 553, 554
555, 556, 557
545, 558, 559
548, 560, 561
562, 549, 540
555, 563, 564
544, 553, 565
566, 537, 567
568, 569, 473
570, 560, 571
552, 556, 572
573, 574, 480
575, 491, 576
536, 558, 577
578, 579, 570
580, 581, 476
582, 487, 574
578, 563, 583
584, 585, 568
542, 567, 586
587, 588, 589
588, 493, 589
486, 590, 584
591, 576, 483
489, 592, 580
474, 587, 475
498, 593, 594
523, 595, 508
596, 597, 598
506, 593, 495
525, 599, 503
521, 600, 505
518, 601, 602
603, 535, 604
514, 605, 511
516, 594, 606
516, 607, 526
603, 455, 608
609, 449, 610
609, 611, 451
506, 600, 612
457, 447, 613
526, 614, 500
514, 595, 615
512, 605, 601
391, 616, 617
617, 618, 441
619, 620, 621
622, 623, 624
433, 619, 621
625, 626, 596
530, 599, 627
623, 628, 624
629, 438, 630
530, 631, 523
632, 385, 633
634, 597, 635
634, 434, 636
521, 637, 638
525, 639, 640
633, 641, 632
629, 642, 622
625, 643, 644
645, 440, 620
518, 637, 520
532, 639, 524
532, 614, 646
468, 647, 469
648, 649, 650
651, 652, 650
653, 654, 650
655, 656, 650
656, 657, 650
654, 658, 650
659, 660, 650
661, 662, 650
657, 663, 650
664, 659, 650
665, 664, 650
649, 653, 650
666, 661, 650
667, 648, 650
668, 655, 650
658, 668, 650
660, 666, 650
662, 651, 650
663, 665, 650
652, 667, 650
0, 669, 1
3, 670, 4
6, 671, 7
9, 672, 10
12, 673, 13
15, 674, 16
18, 675, 19
21, 676, 22
24, 677, 25
27, 678, 28
30, 679, 31
33, 680, 34
36, 681, 37
39, 682, 40
42, 683, 43
45, 81, 46
48, 684, 49
51, 685, 52
54, 686, 55
57, 255, 58
60, 260, 61
63, 70, 64
66, 91, 67
69, 100, 70
71, 398, 72
74, 687, 75
77, 93, 78
80, 272, 81
82, 98, 83
79, 78, 85
87, 96, 88
46, 256, 90
91, 267, 92
77, 74, 76
94, 71, 73
94, 95, 96
97, 273, 83
69, 275, 99
101, 407, 102
104, 147, 105
107, 405, 108
110, 123, 111
113, 128, 114
116, 145, 117
119, 365, 120
122, 111, 123
125, 140, 126
128, 113, 129
131, 154, 132
134, 394, 135
137, 390, 110
138, 130, 129
140, 133, 132
141, 150, 142
144, 117, 145
147, 143, 142
139, 129, 148
150, 156, 151
153, 688, 132
155, 151, 156
157, 186, 158
160, 185, 161
157, 159, 163
165, 353, 166
168, 350, 169
171, 355, 172
174, 179, 175
177, 176, 175
174, 165, 167
168, 170, 180
177, 178, 182
160, 401, 184
181, 180, 158
187, 310, 188
190, 322, 191
193, 314, 194
196, 334, 197
192, 191, 199
201, 689, 202
204, 193, 195
206, 196, 198
208, 220, 209
211, 210, 209
213, 240, 214
216, 239, 217
208, 243, 219
221, 237, 222
224, 241, 225
227, 223, 222
229, 211, 212
231, 224, 226
233, 242, 234
236, 244, 237
216, 247, 238
229, 230, 240
227, 228, 225
231, 232, 234
233, 235, 219
236, 218, 217
245, 215, 214
245, 246, 238
248, 271, 249
251, 690, 252
75, 687, 65
57, 257, 254
256, 690, 251
257, 691, 258
60, 262, 259
261, 276, 59
262, 692, 263
264, 693, 265
267, 89, 88
268, 274, 62
269, 173, 172
249, 264, 266
253, 252, 271
258, 691, 272
66, 68, 273
265, 693, 274
275, 82, 84
263, 692, 276
277, 318, 278
280, 303, 281
283, 329, 284
286, 292, 287
289, 302, 290
280, 282, 287
293, 306, 294
296, 313, 297
286, 288, 299
289, 312, 301
303, 291, 290
296, 298, 304
285, 284, 294
307, 279, 278
309, 328, 310
311, 320, 301
293, 295, 297
314, 325, 315
316, 204, 205
277, 300, 299
319, 326, 320
321, 335, 322
323, 122, 124
325, 689, 201
319, 305, 304
327, 333, 328
283, 307, 308
330, 694, 331
331, 206, 207
200, 199, 333
334, 316, 317
203, 202, 335
188, 694, 330
212, 209, 336
237, 367, 338
339, 369, 115
220, 354, 336
239, 374, 341
235, 372, 342
232, 226, 343
345, 269, 270
228, 357, 347
230, 212, 337
230, 348, 349
345, 346, 169
351, 164, 163
351, 352, 166
220, 219, 342
171, 162, 161
240, 349, 356
228, 222, 338
226, 225, 347
132, 688, 358
126, 358, 155
359, 363, 360
105, 376, 362
139, 149, 363
136, 378, 339
244, 217, 341
362, 375, 365
142, 150, 152
244, 364, 367
368, 377, 135
113, 115, 369
113, 370, 148
235, 234, 371
239, 238, 373
120, 365, 375
142, 366, 376
136, 135, 377
340, 115, 114
380, 408, 381
383, 402, 380
106, 365, 119
384, 406, 323
385, 389, 386
388, 361, 154
389, 101, 103
390, 137, 391
379, 134, 136
146, 392, 391
393, 156, 150
121, 120, 135
361, 360, 153
395, 695, 396
398, 86, 85
399, 138, 139
232, 344, 371
246, 400, 373
246, 214, 356
183, 182, 184
116, 118, 402
125, 127, 156
403, 404, 385
404, 403, 108
406, 384, 102
388, 399, 359
109, 381, 408
409, 696, 410
433, 636, 434
436, 442, 437
439, 697, 391
441, 618, 437
443, 472, 444
446, 471, 447
443, 445, 449
451, 611, 452
454, 608, 455
457, 613, 458
460, 465, 461
463, 462, 461
460, 453, 452
454, 456, 466
463, 464, 468
446, 647, 470
466, 444, 472
473, 569, 474
476, 581, 477
479, 573, 480
482, 591, 483
478, 477, 485
487, 698, 488
490, 479, 481
492, 482, 484
494, 506, 495
497, 496, 495
499, 526, 500
502, 525, 503
494, 529, 505
507, 523, 508
510, 527, 511
513, 509, 508
515, 497, 498
517, 510, 512
519, 528, 520
522, 530, 523
502, 533, 524
515, 516, 526
513, 514, 511
517, 518, 520
519, 521, 505
522, 504, 503
531, 501, 500
531, 532, 524
534, 459, 458
536, 577, 537
539, 562, 540
542, 586, 543
545, 551, 546
548, 561, 549
539, 541, 546
552, 565, 553
555, 572, 556
545, 547, 558
548, 571, 560
562, 550, 549
555, 557, 563
544, 543, 553
566, 538, 537
568, 585, 569
570, 579, 560
552, 554, 556
573, 582, 574
575, 490, 491
536, 559, 558
578, 583, 579
580, 592, 581
582, 698, 487
578, 564, 563
584, 590, 585
542, 566, 567
587, 699, 588
588, 492, 493
486, 485, 590
591, 575, 576
489, 488, 592
474, 699, 587
498, 495, 593
523, 631, 595
596, 626, 597
506, 612, 593
525, 640, 599
521, 638, 600
518, 512, 601
603, 534, 535
514, 615, 605
516, 498, 594
516, 606, 607
603, 604, 455
609, 450, 449
609, 610, 611
506, 505, 600
457, 448, 447
526, 607, 614
514, 508, 595
512, 511, 605
391, 697, 616
617, 616, 618
619, 645, 620
622, 642, 623
433, 435, 619
625, 644, 626
530, 503, 599
623, 641, 628
629, 436, 438
530, 627, 631
632, 643, 385
634, 598, 597
634, 635, 434
521, 520, 637
525, 524, 639
633, 628, 641
629, 630, 642
625, 385, 643
645, 439, 440
518, 602, 637
532, 646, 639
532, 500, 614
468, 470, 647
