# Project Zomboid Skinned Mesh
# File Version:
1.0
# Model Name:
Vehicle_Wheel.HMMWV
# Vertex Stride Element Count:
3
# Vertex Stride Size (in bytes):
76
# Vertex Stride Data:
# (Int)    Offset
# (String) Type
0
VertexArray
12
NormalArray
24
TextureCoordArray
# Vertex Count:
724
# Vertex Buffer:
0.083251, -0.06648397, -0.115155
0.94955289, 0.15677358, 0.2715537
0.87141198, 0.47988802
0.083251, -0.05204797, -0.19424601
0.91335797, -0.10538042, -0.39326152
0.93258399, 0.411587
0.083251, -0.03441498, -0.128438
0.94955289, 0.08114871, 0.3028962
0.884076, 0.40936297
0.083251, -0.09402298, -0.09402301
0.94955289, 0.22171697, 0.22171697
0.841066, 0.54478899
0.083251, -0.10054897, -0.17415601
0.91335797, -0.20355846, -0.35258034
0.917781, 0.49451298
0.083251, -0.11515399, -0.06648502
0.94955289, 0.2715537, 0.15677358
0.79488301, 0.59955999
0.083251, -0.14219797, -0.14219803
0.91332746, -0.28788111, -0.28788111
0.882083, 0.570858
0.083251, -0.128438, -0.03441502
0.94955289, 0.3028962, 0.08114871
0.73604798, 0.640542
0.083251, -0.17415598, -0.10054903
0.91335797, -0.35258034, -0.20355846
0.82780999, 0.635452
0.083251, -0.13296901, -2e-08
0.94955289, 0.31357768, 0.0
0.66857302, 0.66486201
0.083251, -0.19424598, -0.05204803
0.91335797, -0.39326152, -0.10538042
0.758564, 0.68387201
0.083251, -0.19424601, 0.05204797
0.91335797, -0.39326152, 0.10538042
0.594616, 0.719587
0.083251, -0.20109899, -3e-08
0.91332746, -0.40714744, 0.0
0.67897397, 0.71268001
0.083251, -0.128438, 0.03441498
0.94955289, 0.3028962, -0.08114871
0.59709698, 0.67081001
0.083251, -0.17415601, 0.10054897
0.91335797, -0.35258034, 0.20355846
0.51150203, 0.70435601
0.083251, -0.09402301, 0.09402298
0.94955289, 0.22171697, -0.22171697
0.46175399, 0.62737
0.083251, -0.11515401, 0.06648397
0.94955289, 0.27158421, -0.15677358
0.52654397, 0.65800101
0.083251, -0.10054903, 0.17415598
0.91335797, -0.20355846, 0.35258034
0.37100601, 0.613671
0.083251, -0.14219803, 0.14219797
0.91335797, -0.28788111, 0.28788111
0.435298, 0.66818899
0.083251, -0.03441502, 0.128438
0.94955289, 0.08114871, -0.3028962
0.366189, 0.52220601
0.083251, -0.06648402, 0.11515399
0.94955289, 0.15677358, -0.27158421
0.40707999, 0.581018
0.083251, -2e-08, 0.13296901
0.94955289, 0.0, -0.31357768
0.34198901, 0.45484
0.083251, -0.05204803, 0.19424598
0.91335797, -0.10538042, 0.39326152
0.32302999, 0.54440299
0.083251, 0.05204797, 0.19424601
0.91335797, 0.10538042, 0.39326152
0.28748199, 0.38126701
0.083251, -3e-08, 0.201098
0.91335797, 0.0, 0.40714744
0.29456201, 0.46516502
0.083251, 0.06648397, 0.115155
0.94955289, -0.15677358, -0.2715537
0.34860399, 0.31298101
0.083251, 0.03441498, 0.128438
0.94955289, -0.08114871, -0.3028962
0.33598399, 0.38348502
0.083251, 0.09402298, 0.09402301
0.94955289, -0.22171697, -0.22171697
0.379022, 0.24811298
0.083251, 0.10054897, 0.17415601
0.91335797, 0.20355846, 0.35258034
0.30227599, 0.29835099
0.083251, 0.17415598, 0.10054903
0.91335797, 0.35258034, 0.20355846
0.39224899, 0.15743899
0.083251, 0.14219797, 0.14219803
0.91335797, 0.28788111, 0.28788111
0.33798599, 0.222009
0.083251, 0.128438, 0.03441502
0.94955289, -0.3028962, -0.08114871
0.484016, 0.15228701
0.083251, 0.11515399, 0.06648402
0.94955289, -0.27158421, -0.15677358
0.425194, 0.19330603
0.083251, 0.13296901, 2e-08
0.94955289, -0.31357768, 0.0
0.551494, 0.12793899
0.083251, 0.19424598, 0.05204803
0.91335797, 0.39326152, 0.10538042
0.46144199, 0.108971
0.083251, 0.19424601, -0.05204797
0.91335797, 0.39326152, -0.10538042
0.62545103, 0.073174
0.083251, 0.20109899, 3e-08
0.91332746, 0.40714744, 0.0
0.541044, 0.08008301
0.083251, 0.115155, -0.06648397
0.94955289, -0.2715537, 0.15677358
0.69353598, 0.13478798
0.083251, 0.128438, -0.03441498
0.94955289, -0.3028962, 0.08114871
0.62298602, 0.12198299
0.083251, 0.09402301, -0.09402298
0.94955289, -0.22171697, 0.22171697
0.75833303, 0.165416
0.083251, 0.17415601, -0.10054897
0.91335797, 0.35258034, -0.20355846
0.708583, 0.088413
0.083251, 0.06648502, -0.11515399
0.94955289, -0.15677358, 0.2715537
0.81298298, 0.211752
0.083251, 0.14219803, -0.14219797
0.91335797, 0.28788111, -0.28788111
0.78482401, 0.12458903
0.04395, 0.02850699, 0.049376
0.73769343, 0.33753473, 0.58467358
0.43283299, 0.32227898
0.06454, 0.04031499, 0.04031601
0.67885375, 0.51918089, 0.51918089
0.503111, 0.31439501
0.04395, 0.04031499, 0.04031601
0.73769343, 0.47737053, 0.47737053
0.45841101, 0.27923602
0.083251, 0.03441502, -0.128438
0.94955289, -0.08114871, 0.3028962
0.85379702, 0.27065498
0.083251, 0.10054903, -0.17415598
0.91335797, 0.20355846, -0.35258034
0.849069, 0.17917001
0.083251, 2e-08, -0.13296901
0.94955289, 0.0, 0.31357768
0.87810302, 0.33802497
0.083251, 0.05204803, -0.19424598
0.91335797, 0.10538042, -0.39326152
0.89703101, 0.24843103
-0.064237, -0.11013897, -0.19076602
-0.37376019, -0.46375927, -0.80324715
0.14652, 0.052948
0.064237, -0.05701197, -0.21277101
0.37376019, -0.24002808, -0.89590138
0.024078, 0.24817199
0.064237, -0.11013897, -0.19076602
0.37376019, -0.46375927, -0.80324715
0.14651901, 0.24817199
-0.064237, -0.05701197, -0.21277101
-0.37376019, -0.24002808, -0.89590138
0.14654499, 0.05293202
0.064237, 4e-08, -0.220277
0.37376019, 0.0, -0.92751855
0.024103, 0.24815702
0.064237, -0.05701197, -0.21277101
0.37376019, -0.24002808, -0.89590138
0.14654499, 0.24815702
-0.064237, 4e-08, -0.220277
-0.37376019, 0.0, -0.92751855
0.146543, 0.05310303
0.064237, 0.05701203, -0.21277098
0.37376019, 0.24002808, -0.89590138
0.024101, 0.24832797
0.064237, 4e-08, -0.220277
0.37376019, 0.0, -0.92751855
0.146543, 0.24832797
-0.064237, -0.19076599, -0.11013903
-0.37376019, -0.80324715, -0.46375927
0.146547, 0.05344099
0.064237, -0.15575898, -0.15575904
0.37376019, -0.65584278, -0.65584278
0.024105, 0.24815601
0.064237, -0.19076599, -0.11013903
0.37376019, -0.80324715, -0.46375927
0.146547, 0.24815601
-0.064237, -0.21277098, -0.05701203
-0.37376019, -0.89590138, -0.2400586
0.146521, 0.05345601
0.064237, -0.19076599, -0.11013903
0.37376019, -0.80324715, -0.46375927
0.02408, 0.24817002
0.064237, -0.21277098, -0.05701203
0.37376019, -0.89590138, -0.2400586
0.146522, 0.24817002
-0.064237, -0.220277, -4e-08
-0.37372968, -0.92751855, 0.0
0.14656299, 0.05342901
0.064237, -0.21277098, -0.05701203
0.37376019, -0.89590138, -0.2400586
0.024125, 0.24814397
0.064237, -0.220277, -4e-08
0.37372968, -0.92751855, 0.0
0.146567, 0.24814397
-0.064237, 0.21277101, -0.05701197
-0.37376019, 0.89590138, -0.2400586
0.146521, 0.05311602
0.064237, 0.220277, 4e-08
0.37372968, 0.92751855, 0.0
0.024084, 0.24783099
0.064237, 0.21277101, -0.05701197
0.37376019, 0.89590138, -0.2400586
0.146521, 0.24783099
-0.064237, 0.19076602, -0.11013897
-0.37376019, 0.80324715, -0.46372876
0.146566, 0.05308998
0.064237, 0.21277101, -0.05701197
0.37376019, 0.89590138, -0.2400586
0.024125, 0.247805
0.064237, 0.19076602, -0.11013897
0.37376019, 0.80324715, -0.46372876
0.146567, 0.247805
-0.064237, 0.15576003, -0.15575898
-0.37376019, 0.65584278, -0.65584278
0.146541, 0.05310398
0.064237, 0.19076602, -0.11013897
0.37376019, 0.80324715, -0.46372876
0.024099, 0.24782002
0.064237, 0.15576003, -0.15575898
0.37376019, 0.65584278, -0.65584278
0.146541, 0.24832898
-0.064237, 0.11013903, -0.19076599
-0.37376019, 0.46372876, -0.80324715
0.146523, 0.05311501
0.064237, 0.15576003, -0.15575898
0.37376019, 0.65584278, -0.65584278
0.024082, 0.248339
0.064237, 0.11013903, -0.19076599
0.37376019, 0.46372876, -0.80324715
0.146523, 0.248339
0.04395, -0.02682698, -0.10012101
0.78667563, 0.15976439, 0.59630114
0.732813, 0.41115803
0.06454, 2e-08, -0.110382
0.57350385, 0.0, 0.81917781
0.80095202, 0.36619198
0.04395, 2e-08, -0.103653
0.78667563, 0.0, 0.61735892
0.73372602, 0.37520498
-0.064237, 0.05701203, -0.21277098
-0.37376019, 0.24002808, -0.89590138
0.146568, 0.05308801
0.064237, 0.11013903, -0.19076599
0.37376019, 0.46372876, -0.80324715
0.024127, 0.248312
0.064237, 0.05701203, -0.21277098
0.37376019, 0.24002808, -0.89590138
0.146568, 0.24831301
0.04395, -0.05182599, -0.08976601
0.78667563, 0.3086642, 0.53462327
0.722911, 0.44506502
0.06454, -0.02856898, -0.106621
0.57350385, 0.21201208, 0.79125339
0.79835999, 0.42190099
0.06454, 0.02856902, -0.10662099
0.57350385, -0.21201208, 0.79125339
0.785393, 0.31291598
0.04395, 0.02682802, -0.10012099
0.78667563, -0.15976439, 0.59630114
0.72445101, 0.34057301
0.04395, -0.07329398, -0.07329401
0.78664511, 0.43653676, 0.43653676
0.70530099, 0.47468799
0.06454, -0.09559399, -0.05519101
0.57350385, 0.70943326, 0.4095889
0.71938097, 0.55277401
0.06454, -0.07805198, -0.07805201
0.57350385, 0.57924134, 0.57924134
0.75548899, 0.51749599
0.04395, -0.10012099, -0.02682802
0.78667563, 0.59630114, 0.15976439
0.65295601, 0.51483399
0.04395, -0.089766, -0.05182602
0.78667563, 0.53462327, 0.3086642
0.68144101, 0.49835998
0.04395, -0.103653, -2e-08
0.78667563, 0.61735892, 0.0
0.621629, 0.52325401
0.06454, -0.10662099, -0.02856902
0.57350385, 0.79125339, 0.21201208
0.676543, 0.57729
0.04395, -0.10012101, 0.02682698
0.78667563, 0.59630114, -0.15976439
0.58930498, 0.52325699
0.06454, -0.110382, -2e-08
0.57350385, 0.81917781, 0.0
0.62952, 0.58984101
0.04395, -0.08976601, 0.05182599
0.78667563, 0.53462327, -0.3086642
0.55786097, 0.51471201
0.06454, -0.106621, 0.02856898
0.57350385, 0.79125339, -0.21201208
0.58102202, 0.589928
0.04395, -0.07329401, 0.07329398
0.78664511, 0.43653676, -0.43653676
0.529199, 0.49797398
0.06454, -0.095594, 0.05519098
0.57350385, 0.70943326, -0.4095889
0.53378999, 0.577328
0.06454, -0.05519101, 0.09559399
0.57350385, 0.4095889, -0.70943326
0.454005, 0.51667199
0.06454, -0.07805201, 0.07805198
0.57350385, 0.57924134, -0.57924134
0.49056399, 0.552549
0.04395, -0.05182602, 0.089766
0.78667563, 0.3086642, -0.53462327
0.50518501, 0.47383201
0.06454, -0.02856902, 0.10662099
0.57350385, 0.21201208, -0.79125339
0.42674199, 0.47113502
0.04395, -0.02682702, 0.10012099
0.78667563, 0.15976439, -0.59630114
0.487674, 0.44351602
0.06454, -2e-08, 0.110382
0.57350385, 0.0, -0.81917781
0.411268, 0.41783297
0.04395, 0.02682698, 0.10012101
0.78667563, -0.15976439, -0.59630114
0.479404, 0.37290901
0.04395, -2e-08, 0.103653
0.78664511, 0.0, -0.61735892
0.47849599, 0.40885299
0.06454, 0.05519098, 0.095594
0.57350385, -0.4095889, -0.70943326
0.42973101, 0.310938
0.06454, 0.02856898, 0.106621
0.57350385, -0.21201208, -0.79125339
0.41388801, 0.36215597
0.04395, 0.05182698, 0.08976601
0.78667563, -0.3086642, -0.53465378
0.48930001, 0.33903098
0.06454, 0.07805198, 0.07805201
0.57350385, -0.57924134, -0.57924134
0.45678201, 0.26664299
0.04395, 0.089766, 0.05182701
0.78667563, -0.53465378, -0.3086642
0.53068101, 0.28574598
0.04395, 0.07329398, 0.07329401
0.78664511, -0.43653676, -0.43653676
0.50689, 0.30946201
0.04395, 0.10012099, 0.02682702
0.78667563, -0.59630114, -0.15976439
0.55913901, 0.26920402
0.06454, 0.09559399, 0.05519101
0.57350385, -0.70943326, -0.4095889
0.492825, 0.23129201
0.06454, 0.110382, 2e-08
0.57350385, -0.81917781, 0.0
0.58258098, 0.19403201
0.06454, 0.10662099, 0.02856902
0.57350385, -0.79125339, -0.21201208
0.53561699, 0.20670903
0.04395, 0.10012101, -0.02682698
0.78667563, -0.59630114, 0.15976439
0.622886, 0.26074302
0.04395, 0.103653, 2e-08
0.78664511, -0.61735892, 0.0
0.59050101, 0.26068902
0.04395, 0.08976601, -0.05182599
0.78667563, -0.53462327, 0.3086642
0.65434402, 0.26933599
0.06454, 0.106621, -0.02856898
0.57350385, -0.79125339, 0.21201208
0.63106102, 0.19403201
0.04395, 0.07329401, -0.07329398
0.78664511, -0.43653676, 0.43653676
0.68296701, 0.286111
0.06454, 0.095594, -0.05519098
0.57350385, -0.70943326, 0.4095889
0.67829698, 0.20666599
0.04395, 0.05182701, -0.089766
0.78667563, -0.3086642, 0.53462327
0.706967, 0.31022
0.06454, 0.07805201, -0.07805198
0.57350385, -0.57924134, 0.57924134
0.72152102, 0.23150897
0.06454, 0.05519101, -0.09559399
0.57350385, -0.4095889, 0.70943326
0.75812697, 0.26736498
0.06454, -0.05519098, -0.095594
0.57350385, 0.4095889, 0.70943326
0.78252298, 0.47315598
0.064237, 4e-08, -0.220277
0.37376019, 0.0, -0.92751855
0.024103, 0.24740601
0.083251, -0.05204797, -0.19424601
0.91335797, -0.10538042, -0.39326152
0.14655399, 0.28834897
0.064237, -0.05701197, -0.21277101
0.37376019, -0.24002808, -0.89590138
0.14654601, 0.248326
0.064237, -0.05701197, -0.21277101
0.37376019, -0.24002808, -0.89590138
0.024079, 0.248312
0.083251, -0.10054897, -0.17415601
0.91335797, -0.20355846, -0.35258034
0.146521, 0.28833401
0.064237, -0.11013897, -0.19076602
0.37376019, -0.46375927, -0.80324715
0.14651901, 0.248312
0.064237, -0.15575898, -0.15575904
0.37376019, -0.65584278, -0.65584278
0.14656401, 0.248339
0.083251, -0.10054897, -0.17415601
0.91335797, -0.20355846, -0.35258034
0.024124, 0.28836
0.083251, -0.14219797, -0.14219803
0.91332746, -0.28788111, -0.28788111
0.14656299, 0.28836
0.064237, -0.15575898, -0.15575904
0.37376019, -0.65584278, -0.65584278
0.024105, 0.24832898
0.083251, -0.17415598, -0.10054903
0.91335797, -0.35258034, -0.20355846
0.146547, 0.28834897
0.064237, -0.19076599, -0.11013903
0.37376019, -0.80324715, -0.46375927
0.146547, 0.24782002
0.064237, -0.21277098, -0.05701203
0.37376019, -0.89590138, -0.2400586
0.146521, 0.247805
0.083251, -0.17415598, -0.10054903
0.91335797, -0.35258034, -0.20355846
0.02408, 0.28833401
0.083251, -0.19424598, -0.05204803
0.91335797, -0.39326152, -0.10538042
0.14652, 0.28833401
0.064237, -0.21277098, -0.05701203
0.37376019, -0.89590138, -0.2400586
0.024125, 0.24783099
0.083251, -0.20109899, -3e-08
0.91332746, -0.40714744, 0.0
0.146558, 0.28836
0.064237, -0.220277, -4e-08
0.37372968, -0.92751855, 0.0
0.146562, 0.24783099
0.064237, -0.21277101, 0.05701197
0.37376019, -0.89590138, 0.2400586
0.14654499, 0.24781799
0.083251, -0.20109899, -3e-08
0.91332746, -0.40714744, 0.0
0.024095, 0.28834701
0.083251, -0.19424601, 0.05204797
0.91335797, -0.39326152, 0.10538042
0.14654399, 0.28834701
0.064237, -0.21277101, 0.05701197
0.37376019, -0.89590138, 0.2400586
0.024078, 0.24780297
0.083251, -0.17415601, 0.10054897
0.91335797, -0.35258034, 0.20355846
0.14651901, 0.28833199
0.064237, -0.19076602, 0.11013897
0.37376019, -0.80324715, 0.46372876
0.14652, 0.24831301
0.064237, -0.19076602, 0.11013897
0.37376019, -0.80324715, 0.46372876
0.024123, 0.24834001
0.083251, -0.14219803, 0.14219797
0.91335797, -0.28788111, 0.28788111
0.14656501, 0.28835899
0.064237, -0.15575904, 0.15575998
0.37376019, -0.65584278, 0.65584278
0.146566, 0.248339
0.064237, -0.11013903, 0.19076498
0.37376019, -0.46375927, 0.80324715
0.146548, 0.24832898
0.083251, -0.14219803, 0.14219797
0.91335797, -0.28788111, 0.28788111
0.024105, 0.28834802
0.083251, -0.10054903, 0.17415598
0.91335797, -0.20355846, 0.35258034
0.146547, 0.28834897
0.064237, -0.05701203, 0.21277098
0.37376019, -0.2400586, 0.89590138
0.146522, 0.24831498
0.083251, -0.10054903, 0.17415598
0.91335797, -0.20355846, 0.35258034
0.02408, 0.28833401
0.083251, -0.05204803, 0.19424598
0.91335797, -0.10538042, 0.39326152
0.146521, 0.28833401
0.064237, -4e-08, 0.220277
0.37376019, 0.0, 0.92751855
0.146567, 0.24834102
0.083251, -0.05204803, 0.19424598
0.91335797, -0.10538042, 0.39326152
0.024125, 0.28836
0.083251, -3e-08, 0.201098
0.91335797, 0.0, 0.40714744
0.146567, 0.28836
0.064237, -4e-08, 0.220277
0.37376019, 0.0, 0.92751855
0.024079, 0.24834102
0.083251, 0.05204797, 0.19424601
0.91335797, 0.10538042, 0.39326152
0.146522, 0.28836
0.064237, 0.05701197, 0.21277101
0.37376019, 0.24002808, 0.89590138
0.146521, 0.24834102
0.064237, 0.05701197, 0.21277101
0.37376019, 0.24002808, 0.89590138
0.024125, 0.24831402
0.083251, 0.10054897, 0.17415601
0.91335797, 0.20355846, 0.35258034
0.146566, 0.28833401
0.064237, 0.11013897, 0.19076602
0.37376019, 0.46372876, 0.80324715
0.146566, 0.24831402
0.064237, 0.11013897, 0.19076602
0.37376019, 0.46372876, 0.80324715
0.024099, 0.24832898
0.083251, 0.14219797, 0.14219803
0.91335797, 0.28788111, 0.28788111
0.146541, 0.28834802
0.064237, 0.15575998, 0.15575904
0.37376019, 0.65584278, 0.65584278
0.146541, 0.24832797
0.064237, 0.15575998, 0.15575904
0.37376019, 0.65584278, 0.65584278
0.024081, 0.24833798
0.083251, 0.17415598, 0.10054903
0.91335797, 0.35258034, 0.20355846
0.146525, 0.28835899
0.064237, 0.19076599, 0.11013903
0.37376019, 0.80324715, 0.46372876
0.146523, 0.24834001
0.064237, 0.21277098, 0.05701203
0.37376019, 0.89590138, 0.2400586
0.146568, 0.24780297
0.083251, 0.17415598, 0.10054903
0.91335797, 0.35258034, 0.20355846
0.024128, 0.28833199
0.083251, 0.19424598, 0.05204803
0.91335797, 0.39326152, 0.10538042
0.146571, 0.28833199
0.064237, 0.21277098, 0.05701203
0.37376019, 0.89590138, 0.2400586
0.024101, 0.24781799
0.083251, 0.20109899, 3e-08
0.91332746, 0.40714744, 0.0
0.146552, 0.28834701
0.064237, 0.220277, 4e-08
0.37372968, 0.92751855, 0.0
0.146547, 0.24781799
0.083251, 0.20109899, 3e-08
0.91332746, 0.40714744, 0.0
0.024088, 0.28836
0.083251, 0.19424601, -0.05204797
0.91335797, 0.39326152, -0.10538042
0.146523, 0.28836101
0.083251, 0.17415601, -0.10054897
0.91335797, 0.35258034, -0.20355846
0.146567, 0.28833503
0.083251, 0.17415601, -0.10054897
0.91335797, 0.35258034, -0.20355846
0.0241, 0.28834897
0.083251, 0.14219803, -0.14219797
0.91335797, 0.28788111, -0.28788111
0.146543, 0.28834999
0.083251, 0.14219803, -0.14219797
0.91335797, 0.28788111, -0.28788111
0.024084, 0.28836
0.083251, 0.10054903, -0.17415598
0.91335797, 0.20355846, -0.35258034
0.146522, 0.28836
0.083251, 0.10054903, -0.17415598
0.91335797, 0.20355846, -0.35258034
0.024126, 0.28833401
0.083251, 0.05204803, -0.19424598
0.91335797, 0.10538042, -0.39326152
0.14656, 0.28833401
0.064237, 4e-08, -0.220277
0.37376019, 0.0, -0.92751855
0.14654399, 0.24740601
0.083251, 0.05204803, -0.19424598
0.91335797, 0.10538042, -0.39326152
0.024093, 0.28834897
0.083251, 3e-08, -0.201098
0.91335797, 0.0, -0.40714744
0.14654399, 0.28834897
0.06454, -0.02856898, -0.106621
0.57350385, 0.21201208, 0.79125339
0.83546501, 0.407188
0.06454, -0.05519098, -0.095594
0.57350385, 0.4095889, 0.70943326
0.82501101, 0.46518099
0.06454, -0.07805198, -0.07805201
0.57350385, 0.57924134, 0.57924134
0.80002803, 0.518585
0.06454, -0.09559399, -0.05519101
0.57350385, 0.70943326, 0.4095889
0.76195902, 0.56364799
0.06454, -0.10662099, -0.02856902
0.57350385, 0.79125339, 0.21201208
0.71353602, 0.59730801
0.06454, -0.110382, -2e-08
0.57350385, 0.81917781, 0.0
0.65804899, 0.61725801
0.06454, -0.106621, 0.02856898
0.57350385, 0.79125339, -0.21201208
0.59929299, 0.622123
0.06454, -0.095594, 0.05519098
0.57350385, 0.70943326, -0.4095889
0.541291, 0.61158201
0.06454, -0.07805201, 0.07805198
0.57350385, 0.57924134, -0.57924134
0.48801199, 0.58638299
0.06454, -0.05519101, 0.09559399
0.57350385, 0.4095889, -0.70943326
0.44308901, 0.54826301
0.06454, -0.02856902, 0.10662099
0.57350385, 0.21201208, -0.79125339
0.409421, 0.499874
0.06454, -2e-08, 0.110382
0.57350385, 0.0, -0.81917781
0.389514, 0.44435298
0.06454, 0.02856898, 0.106621
0.57350385, -0.21201208, -0.79125339
0.38460401, 0.385598
0.06454, 0.05519098, 0.095594
0.57350385, -0.4095889, -0.70943326
0.395035, 0.32757598
0.06454, 0.07805198, 0.07805201
0.57350385, -0.57924134, -0.57924134
0.42011601, 0.27422303
0.06454, 0.09559399, 0.05519101
0.57350385, -0.70943326, -0.4095889
0.45814699, 0.229173
0.06454, 0.10662099, 0.02856902
0.57350385, -0.79125339, -0.21201208
0.50655502, 0.19550598
0.06454, 0.110382, 2e-08
0.57350385, -0.81917781, 0.0
0.56203598, 0.17554599
0.06454, 0.106621, -0.02856898
0.57350385, -0.79125339, 0.21201208
0.62079602, 0.17067403
0.06454, 0.095594, -0.05519098
0.57350385, -0.70943326, 0.4095889
0.67879999, 0.18121201
0.06454, 0.07805201, -0.07805198
0.57350385, -0.57924134, 0.57924134
0.73208803, 0.20641297
0.06454, 0.05519101, -0.09559399
0.57350385, -0.4095889, 0.70943326
0.777031, 0.24453801
0.06454, 0.02856902, -0.10662099
0.57350385, -0.21201208, 0.79125339
0.81054699, 0.292983
0.06454, 2e-08, -0.110382
0.57350385, 0.0, 0.81917781
0.83058101, 0.348423
0.083251, 3e-08, -0.201098
0.91335797, 0.0, -0.40714744
0.92550999, 0.32768297
0.04395, 1e-08, -0.057015
0.73769343, 0.0, -0.67509997
0.70702398, 0.38289899
0.04395, -0.02682698, -0.10012101
0.78667563, 0.15976439, 0.59630114
0.79902101, 0.42474699
0.04395, 2e-08, -0.103653
0.78667563, 0.0, 0.61735892
0.800403, 0.37067699
0.04395, -0.01475699, -0.055072
0.73769343, -0.17474899, -0.652089
0.70672101, 0.41043103
0.04395, -0.05182599, -0.08976601
0.78667563, 0.3086642, 0.53462327
0.78402501, 0.475739
0.04395, -0.04031499, -0.04031601
0.73769343, -0.47737053, -0.47737053
0.68609202, 0.460419
0.04395, -0.02850699, -0.049376
0.73766291, -0.33756524, -0.58467358
0.69953901, 0.43687803
0.04395, -0.089766, -0.05182602
0.78667563, 0.53462327, 0.3086642
0.721223, 0.55588901
0.04395, -0.07329398, -0.07329401
0.78664511, 0.43653676, 0.43653676
0.757357, 0.52028799
0.04395, -0.05507199, -0.01475701
0.73769343, -0.652089, -0.17474899
0.64465302, 0.49288702
0.04395, -0.049376, -0.02850701
0.73769343, -0.58467358, -0.33756524
0.66736603, 0.47949803
0.04395, -0.057015, -1e-08
0.73769343, -0.67509997, 0.0
0.61945498, 0.49976099
0.04395, -0.10012099, -0.02682802
0.78667563, 0.59630114, 0.15976439
0.67808503, 0.580663
0.04395, -0.10012101, 0.02682698
0.78667563, 0.59630114, -0.15976439
0.58169299, 0.59333101
0.04395, -0.103653, -2e-08
0.78667563, 0.61735892, 0.0
0.63064498, 0.593326
0.04395, -0.055072, 0.01475599
0.73769343, -0.65211952, 0.17471847
0.59339601, 0.49967301
0.04395, -0.08976601, 0.05182599
0.78667563, 0.53462327, -0.3086642
0.534073, 0.58048001
0.04395, -0.04031501, 0.04031499
0.73769343, -0.47737053, 0.47737053
0.54553902, 0.47892499
0.04395, -0.049376, 0.02850699
0.73769343, -0.58464307, 0.33756524
0.56823897, 0.49256599
0.04395, -0.05182602, 0.089766
0.78667563, 0.3086642, -0.53462327
0.454301, 0.51900101
0.04395, -0.07329401, 0.07329398
0.78664511, 0.43653676, -0.43653676
0.490668, 0.55530801
0.04395, -0.01475601, 0.05507199
0.73769343, -0.17471847, 0.65211952
0.51378101, 0.43572003
0.04395, -0.02850701, 0.049376
0.73769343, -0.33756524, 0.58464307
0.52691501, 0.459521
0.04395, -1e-08, 0.057015
0.73769343, 0.0, 0.67509997
0.50705701, 0.40902102
0.04395, -0.02682702, 0.10012099
0.78667563, 0.15976439, -0.59630114
0.42778301, 0.47341001
0.04395, 0.02682698, 0.10012101
0.78667563, -0.15976439, -0.59630114
0.415259, 0.36722499
0.04395, -2e-08, 0.103653
0.78664511, 0.0, -0.61735892
0.413883, 0.42128003
0.04395, 0.02850699, 0.049376
0.73769343, 0.33753473, 0.58467358
0.51453298, 0.35506701
0.04395, 0.01475599, 0.055072
0.73769343, 0.17471847, 0.65211952
0.50736398, 0.38150603
0.04395, 0.04031499, 0.04031601
0.73769343, 0.47737053, 0.47737053
0.52795202, 0.33152097
0.04395, 0.05182698, 0.08976601
0.78667563, -0.3086642, -0.53465378
0.430246, 0.316275
0.04395, 0.089766, 0.05182701
0.78667563, -0.53465378, -0.3086642
0.49291301, 0.23614103
0.04395, 0.07329398, 0.07329401
0.78664511, -0.43653676, -0.43653676
0.456882, 0.27180803
0.04395, 0.05507199, 0.01475701
0.73769343, 0.652089, 0.17474899
0.56943703, 0.299025
0.04395, 0.049376, 0.02850701
0.73769343, 0.58467358, 0.33756524
0.54673302, 0.312424
0.04395, 0.057015, 1e-08
0.73769343, 0.67509997, 0.0
0.59464502, 0.29213399
0.04395, 0.10012099, 0.02682702
0.78667563, -0.59630114, -0.15976439
0.53600901, 0.21126598
0.04395, 0.10012101, -0.02682698
0.78667563, -0.59630114, 0.15976439
0.63254702, 0.19854099
0.04395, 0.103653, 2e-08
0.78664511, -0.61735892, 0.0
0.58350301, 0.19845998
0.04395, 0.055072, -0.01475699
0.73769343, 0.652089, -0.17474899
0.62069303, 0.29227901
0.04395, 0.08976601, -0.05182599
0.78667563, -0.53462327, 0.3086642
0.68018597, 0.21146297
0.04395, 0.04031601, -0.04031499
0.73769343, 0.47737053, -0.47737053
0.66853899, 0.31301302
0.04395, 0.049376, -0.02850699
0.73766291, 0.58467358, -0.33756524
0.64584702, 0.29937798
0.04395, 0.05182701, -0.089766
0.78667563, -0.3086642, 0.53462327
0.75988001, 0.27294803
0.04395, 0.07329401, -0.07329398
0.78664511, -0.43653676, 0.43653676
0.72353297, 0.236691
0.04395, 0.01475701, -0.05507199
0.73769343, 0.17474899, -0.652089
0.70033401, 0.35628599
0.04395, 0.02850701, -0.049376
0.73769343, 0.33756524, -0.58467358
0.68716198, 0.332403
0.04395, 0.02682802, -0.10012099
0.78667563, -0.15976439, 0.59630114
0.786358, 0.31859499
0.04395, -0.055072, 0.01475599
0.73769343, -0.65211952, 0.17471847
0.58315498, 0.58662301
0.06454, -0.049376, 0.02850699
0.67885375, -0.63585317, 0.36710715
0.55697501, 0.521155
0.04395, -0.049376, 0.02850699
0.73769343, -0.58464307, 0.33756524
0.53520203, 0.57363001
0.04395, 0.02850701, -0.049376
0.73769343, 0.33756524, -0.58467358
0.76188302, 0.28084803
0.06454, 0.01475701, -0.05507199
0.67885375, 0.19003876, -0.70921963
0.73399299, 0.34618098
0.04395, 0.01475701, -0.05507199
0.73769343, 0.17474899, -0.652089
0.78699201, 0.324507
0.04395, 1e-08, -0.057015
0.73769343, 0.0, -0.67509997
0.79974198, 0.37315601
0.06454, -0.01475699, -0.055072
0.67885375, -0.19003876, -0.70921963
0.74257302, 0.41548598
0.04395, -0.01475699, -0.055072
0.73769343, -0.17474899, -0.652089
0.79916501, 0.42348498
0.06454, 0.049376, 0.02850701
0.67885375, 0.63585317, 0.36710715
0.52818203, 0.28972203
0.04395, 0.049376, 0.02850701
0.73769343, 0.58467358, 0.33756524
0.49421099, 0.244326
0.06454, -0.04031501, 0.04031499
0.67885375, -0.51918089, 0.51918089
0.52662402, 0.50345799
0.04395, -0.04031501, 0.04031499
0.73769343, -0.47737053, 0.47737053
0.49193299, 0.54869401
0.06454, 1e-08, -0.057015
0.67885375, 0.0, -0.73424482
0.74280697, 0.38026297
0.06454, -0.02850699, -0.049376
0.67885375, -0.36710715, -0.63585317
0.73306203, 0.44942898
0.04395, -0.02850699, -0.049376
0.73766291, -0.33756524, -0.58467358
0.78547502, 0.47183299
0.06454, 0.05507199, 0.01475701
0.67885375, 0.70921963, 0.19003876
0.55868, 0.27245998
0.04395, 0.05507199, 0.01475701
0.73769343, 0.652089, 0.17474899
0.53748697, 0.21983099
0.06454, -0.02850701, 0.049376
0.67885375, -0.36710715, 0.63585317
0.50187701, 0.47851598
0.04395, -0.02850701, 0.049376
0.73769343, -0.33756524, 0.58464307
0.45643601, 0.51322401
0.06454, -0.04031499, -0.04031601
0.67885375, -0.51918089, -0.51918089
0.71520197, 0.47969699
0.04395, -0.04031499, -0.04031601
0.73769343, -0.47737053, -0.47737053
0.75984502, 0.514864
0.06454, 0.057015, 1e-08
0.67885375, 0.73424482, 0.0
0.59254998, 0.26353002
0.04395, 0.057015, 1e-08
0.73769343, 0.67509997, 0.0
0.58553499, 0.20723599
0.06454, -0.01475601, 0.05507199
0.67885375, -0.19003876, 0.70921963
0.484355, 0.44794798
0.04395, -0.01475601, 0.05507199
0.73769343, -0.17471847, 0.65211952
0.4314, 0.46971399
0.06454, -0.049376, -0.02850701
0.67885375, -0.63585317, -0.36710715
0.69015098, 0.50435999
0.04395, -0.049376, -0.02850701
0.73769343, -0.58467358, -0.33756524
0.72415102, 0.549741
0.06454, 0.055072, -0.01475699
0.67885375, 0.70921963, -0.19003876
0.62756401, 0.263776
0.04395, 0.055072, -0.01475699
0.73769343, 0.652089, -0.17474899
0.63518602, 0.20750099
0.06454, -1e-08, 0.057015
0.67885375, 0.0, 0.73424482
0.475528, 0.413836
0.04395, -1e-08, 0.057015
0.73769343, 0.0, 0.67509997
0.41858301, 0.42090797
0.06454, -0.05507199, -0.01475701
0.67885375, -0.70921963, -0.19003876
0.65965903, 0.521613
0.04395, -0.05507199, -0.01475701
0.73769343, -0.652089, -0.17474899
0.680857, 0.57421699
0.06454, 0.049376, -0.02850699
0.67885375, 0.63585317, -0.36710715
0.66136098, 0.27294099
0.04395, 0.049376, -0.02850699
0.73766291, 0.58467358, -0.33756524
0.68313199, 0.220478
0.06454, 0.01475599, 0.055072
0.67885375, 0.19003876, 0.70921963
0.475757, 0.37860799
0.04395, 0.01475599, 0.055072
0.73769343, 0.17471847, 0.65211952
0.419168, 0.37061
0.06454, -0.057015, -1e-08
0.67885375, -0.73424482, 0.0
0.62578899, 0.530545
0.04395, -0.057015, -1e-08
0.73769343, -0.67509997, 0.0
0.63282698, 0.58678401
0.06454, 0.04031601, -0.04031499
0.67885375, 0.51918089, -0.51918089
0.691706, 0.29064
0.04395, 0.04031601, -0.04031499
0.73769343, 0.47737053, -0.47737053
0.72638702, 0.24540198
0.06454, 0.02850699, 0.049376
0.67885375, 0.36710715, 0.63588369
0.48526099, 0.34466499
0.06454, -0.055072, 0.01475599
0.67885375, -0.70921963, 0.19003876
0.59077197, 0.53031701
0.06454, 0.02850701, -0.049376
0.67885375, 0.36710715, -0.63585317
0.71645498, 0.315588
0.06454, 0.0, 0.0
0.99996948, 0.0, 0.0
0.60734898, 0.39608598
0.06454, 0.05507199, 0.01475701
0.67885375, 0.70921963, 0.19003876
0.551162, 0.25951099
0.06454, 0.049376, 0.02850701
0.67885375, 0.63585317, 0.36710715
0.51721901, 0.27843499
0.06454, -0.05507199, -0.01475701
0.67885375, -0.70921963, -0.19003876
0.663544, 0.53264001
0.06454, -0.049376, -0.02850701
0.67885375, -0.63585317, -0.36710715
0.69748098, 0.513726
0.06454, 0.04031499, 0.04031601
0.67885375, 0.51918089, 0.51918089
0.489317, 0.30548197
0.06454, 0.02850699, 0.049376
0.67885375, 0.36710715, 0.63588369
0.46945101, 0.338664
0.06454, -0.04031499, -0.04031601
0.67885375, -0.51918089, -0.51918089
0.72535902, 0.48668998
0.06454, -0.02850699, -0.049376
0.67885375, -0.36710715, -0.63585317
0.74523699, 0.45350999
0.06454, 0.01475599, 0.055072
0.67885375, 0.19003876, 0.70921963
0.45887399, 0.37587398
0.06454, -1e-08, 0.057015
0.67885375, 0.0, 0.73424482
0.45862001, 0.41449201
0.06454, 0.04031601, -0.04031499
0.67885375, 0.51918089, -0.51918089
0.69920999, 0.279441
0.06454, 0.049376, -0.02850699
0.67885375, 0.63585317, -0.36710715
0.66543901, 0.26003897
0.06454, -0.01475601, 0.05507199
0.67885375, -0.19003876, 0.70921963
0.46844301, 0.451886
0.06454, -0.02850701, 0.049376
0.67885375, -0.36710715, 0.63585317
0.48794401, 0.48539603
0.06454, -0.01475699, -0.055072
0.67885375, -0.19003876, -0.70921963
0.755822, 0.41630101
0.06454, 0.01475701, -0.05507199
0.67885375, 0.19003876, -0.70921963
0.74627298, 0.34032601
0.06454, 1e-08, -0.057015
0.67885375, 0.0, -0.73424482
0.75608301, 0.377689
0.06454, -0.04031501, 0.04031499
0.67885375, -0.51918089, 0.51918089
0.515486, 0.51273799
0.06454, -0.049376, 0.02850699
0.67885375, -0.63585317, 0.36710715
0.54926401, 0.532139
0.06454, 0.055072, -0.01475699
0.67885375, 0.70921963, -0.19003876
0.62782598, 0.24999201
0.06454, 0.057015, 1e-08
0.67885375, 0.73424482, 0.0
0.588857, 0.24972302
0.06454, -0.055072, 0.01475599
0.67885375, -0.70921963, 0.19003876
0.586878, 0.542182
0.06454, -0.057015, -1e-08
0.67885375, -0.73424482, 0.0
0.62584901, 0.54243201
-0.064237, -0.15575898, -0.15575904
-0.37376019, -0.65584278, -0.65584278
0.14656401, 0.052921
0.064237, -0.11013897, -0.19076602
0.37376019, -0.46375927, -0.80324715
0.024123, 0.24814498
0.064237, -0.15575898, -0.15575904
0.37376019, -0.65584278, -0.65584278
0.14656501, 0.24814498
-0.064237, 0.11013897, 0.19076602
-0.37376019, 0.46372876, 0.80324715
0.146566, 0.05308998
-0.064237, 0.05701197, 0.21277101
-0.37376019, 0.24002808, 0.89590138
0.146521, 0.05311602
-0.064237, -4e-08, 0.220277
-0.37376019, 0.0, 0.92751855
0.146567, 0.05291897
0.064237, -0.05701203, 0.21277098
0.37376019, -0.2400586, 0.89590138
0.024125, 0.24814397
0.064237, -4e-08, 0.220277
0.37376019, 0.0, 0.92751855
0.146567, 0.24814397
-0.064237, 0.19076599, 0.11013903
-0.37376019, 0.80324715, 0.46372876
0.146523, 0.05311501
-0.064237, 0.21277098, 0.05701203
-0.37376019, 0.89590138, 0.2400586
0.146568, 0.05308801
0.064237, 0.19076599, 0.11013903
0.37376019, 0.80324715, 0.46372876
0.024126, 0.24831301
-0.064237, 0.220277, 4e-08
-0.37372968, 0.92751855, 0.0
0.146543, 0.05310303
-0.064237, -0.21277101, 0.05701197
-0.37376019, -0.89590138, 0.2400586
0.14654499, 0.053442
0.064237, -0.220277, -4e-08
0.37372968, -0.92751855, 0.0
0.024104, 0.24815702
0.064237, -0.21277101, 0.05701197
0.37376019, -0.89590138, 0.2400586
0.14654499, 0.24815702
-0.064237, -0.19076602, 0.11013897
-0.37376019, -0.80324715, 0.46372876
0.14652, 0.05294698
0.064237, -0.21277101, 0.05701197
0.37376019, -0.89590138, 0.2400586
0.024078, 0.24817199
0.064237, -0.19076602, 0.11013897
0.37376019, -0.80324715, 0.46372876
0.14652, 0.24817199
-0.064237, -0.15575904, 0.15575998
-0.37376019, -0.65584278, 0.65584278
0.14656501, 0.052921
0.064237, -0.19076602, 0.11013897
0.37376019, -0.80324715, 0.46372876
0.024123, 0.24814498
0.064237, -0.15575904, 0.15575998
0.37376019, -0.65584278, 0.65584278
0.14656501, 0.24814498
-0.064237, -0.11013903, 0.19076498
-0.37376019, -0.46375927, 0.80324715
0.146547, 0.05293101
0.064237, -0.15575904, 0.15575998
0.37376019, -0.65584278, 0.65584278
0.024106, 0.248155
0.064237, -0.11013903, 0.19076498
0.37376019, -0.46375927, 0.80324715
0.146547, 0.248155
-0.064237, -0.05701203, 0.21277098
-0.37376019, -0.2400586, 0.89590138
0.146522, 0.05294597
0.064237, -0.11013903, 0.19076498
0.37376019, -0.46375927, 0.80324715
0.02408, 0.24817002
0.064237, -0.05701203, 0.21277098
0.37376019, -0.2400586, 0.89590138
0.146522, 0.24817002
-0.064237, 0.15575998, 0.15575904
-0.37376019, 0.65584278, 0.65584278
0.146541, 0.053105
-0.064237, 4e-08, -0.220277
-0.37376019, 0.0, -0.92751855
0.14654399, 0.05385602
-0.083251, 0.05204803, -0.19424598
-0.91335797, 0.10538042, -0.39326152
0.024093, 0.01291299
-0.064237, 0.05701203, -0.21277098
-0.37376019, 0.24002808, -0.89590138
0.024101, 0.052935
-0.064237, 0.05701203, -0.21277098
-0.37376019, 0.24002808, -0.89590138
0.146568, 0.05295002
-0.083251, 0.10054903, -0.17415598
-0.91335797, 0.20355846, -0.35258034
0.024126, 0.01292801
-0.064237, 0.11013903, -0.19076599
-0.37376019, 0.46372876, -0.80324715
0.024127, 0.05294901
-0.064237, 0.11013903, -0.19076599
-0.37376019, 0.46372876, -0.80324715
0.146523, 0.05292302
-0.083251, 0.14219803, -0.14219797
-0.91335797, 0.28788111, -0.28788111
0.024084, 0.01290101
-0.064237, 0.15576003, -0.15575898
-0.37376019, 0.65584278, -0.65584278
0.024082, 0.05292302
-0.064237, 0.15576003, -0.15575898
-0.37376019, 0.65584278, -0.65584278
0.146541, 0.05293298
-0.083251, 0.17415601, -0.10054897
-0.91335797, 0.35258034, -0.20355846
0.0241, 0.01291198
-0.064237, 0.19076602, -0.11013897
-0.37376019, 0.80324715, -0.46372876
0.024099, 0.053442
-0.083251, 0.17415601, -0.10054897
-0.91335797, 0.35258034, -0.20355846
0.146567, 0.012927
-0.064237, 0.21277101, -0.05701197
-0.37376019, 0.89590138, -0.2400586
0.024125, 0.05345702
-0.064237, 0.19076602, -0.11013897
-0.37376019, 0.80324715, -0.46372876
0.146567, 0.05345601
-0.064237, 0.21277101, -0.05701197
-0.37376019, 0.89590138, -0.2400586
0.146521, 0.05343002
-0.083251, 0.20109899, 3e-08
-0.91332746, 0.40714744, 0.0
0.024088, 0.01290101
-0.064237, 0.220277, 4e-08
-0.37372968, 0.92751855, 0.0
0.024084, 0.05343002
-0.083251, 0.20109899, 3e-08
-0.91332746, 0.40714744, 0.0
0.146552, 0.012914
-0.064237, 0.21277098, 0.05701203
-0.37376019, 0.89590138, 0.2400586
0.024101, 0.05344403
-0.064237, 0.220277, 4e-08
-0.37372968, 0.92751855, 0.0
0.146547, 0.05344301
-0.064237, 0.21277098, 0.05701203
-0.37376019, 0.89590138, 0.2400586
0.146568, 0.05345798
-0.083251, 0.17415598, 0.10054903
-0.91335797, 0.35258034, 0.20355846
0.024128, 0.01292902
-0.064237, 0.19076599, 0.11013903
-0.37376019, 0.80324715, 0.46372876
0.024126, 0.052948
-0.083251, 0.17415598, 0.10054903
-0.91335797, 0.35258034, 0.20355846
0.146525, 0.01290298
-0.064237, 0.15575998, 0.15575904
-0.37376019, 0.65584278, 0.65584278
0.024081, 0.05292302
-0.064237, 0.19076599, 0.11013903
-0.37376019, 0.80324715, 0.46372876
0.146523, 0.05292201
-0.083251, 0.14219797, 0.14219803
-0.91335797, 0.28788111, 0.28788111
0.146541, 0.01291299
-0.064237, 0.11013897, 0.19076602
-0.37376019, 0.46372876, 0.80324715
0.024099, 0.05293298
-0.064237, 0.15575998, 0.15575904
-0.37376019, 0.65584278, 0.65584278
0.146541, 0.05293298
-0.083251, 0.10054897, 0.17415601
-0.91335797, 0.20355846, 0.35258034
0.146566, 0.01292801
-0.064237, 0.05701197, 0.21277101
-0.37376019, 0.24002808, 0.89590138
0.024125, 0.05294698
-0.064237, 0.11013897, 0.19076602
-0.37376019, 0.46372876, 0.80324715
0.146566, 0.05294698
-0.083251, 0.05204797, 0.19424601
-0.91335797, 0.10538042, 0.39326152
0.146522, 0.01290101
-0.064237, -4e-08, 0.220277
-0.37376019, 0.0, 0.92751855
0.024079, 0.05291998
-0.064237, 0.05701197, 0.21277101
-0.37376019, 0.24002808, 0.89590138
0.146521, 0.05291998
-0.083251, -0.05204803, 0.19424598
-0.91335797, -0.10538042, 0.39326152
0.024125, 0.01290101
-0.064237, -0.05701203, 0.21277098
-0.37376019, -0.2400586, 0.89590138
0.024125, 0.05291897
-0.083251, -0.10054903, 0.17415598
-0.91335797, -0.20355846, 0.35258034
0.02408, 0.01292801
-0.064237, -0.11013903, 0.19076498
-0.37376019, -0.46375927, 0.80324715
0.02408, 0.05294597
-0.083251, -0.14219803, 0.14219797
-0.91335797, -0.28788111, 0.28788111
0.024105, 0.01291299
-0.064237, -0.15575904, 0.15575998
-0.37376019, -0.65584278, 0.65584278
0.024106, 0.05293101
-0.083251, -0.14219803, 0.14219797
-0.91335797, -0.28788111, 0.28788111
0.14656501, 0.01290298
-0.064237, -0.19076602, 0.11013897
-0.37376019, -0.80324715, 0.46372876
0.024123, 0.052921
-0.083251, -0.17415601, 0.10054897
-0.91335797, -0.35258034, 0.20355846
0.14651901, 0.01292902
-0.064237, -0.21277101, 0.05701197
-0.37376019, -0.89590138, 0.2400586
0.024078, 0.05345702
-0.083251, -0.20109899, -3e-08
-0.91332746, -0.40714744, 0.0
0.024095, 0.01291502
-0.064237, -0.220277, -4e-08
-0.37372968, -0.92751855, 0.0
0.024099, 0.053442
-0.083251, -0.20109899, -3e-08
-0.91332746, -0.40714744, 0.0
0.146558, 0.01290101
-0.064237, -0.21277098, -0.05701203
-0.37376019, -0.89590138, -0.2400586
0.024125, 0.05342901
-0.083251, -0.17415598, -0.10054903
-0.91335797, -0.35258034, -0.20355846
0.02408, 0.012927
-0.064237, -0.19076599, -0.11013903
-0.37376019, -0.80324715, -0.46375927
0.02408, 0.053455
-0.083251, -0.17415598, -0.10054903
-0.91335797, -0.35258034, -0.20355846
0.146547, 0.01291299
-0.064237, -0.15575898, -0.15575904
-0.37376019, -0.65584278, -0.65584278
0.024105, 0.05293202
-0.083251, -0.10054897, -0.17415601
-0.91335797, -0.20355846, -0.35258034
0.024124, 0.01290101
-0.064237, -0.11013897, -0.19076602
-0.37376019, -0.46375927, -0.80324715
0.024123, 0.052921
-0.083251, -0.10054897, -0.17415601
-0.91335797, -0.20355846, -0.35258034
0.146521, 0.01292801
-0.064237, -0.05701197, -0.21277101
-0.37376019, -0.24002808, -0.89590138
0.024078, 0.05294698
-0.083251, -0.05204797, -0.19424601
-0.91335797, -0.10538042, -0.39326152
0.14655399, 0.01291299
-0.064237, 4e-08, -0.220277
-0.37376019, 0.0, -0.92751855
0.024103, 0.05385602
-0.083251, -0.05204797, -0.19424601
-0.91335797, -0.10538042, -0.39326152
0.93258399, 0.411587
-0.083251, -0.06648397, -0.115155
-0.94955289, 0.15677358, 0.2715537
0.87141198, 0.47988802
-0.083251, -0.03441498, -0.128438
-0.94955289, 0.08114871, 0.3028962
0.884076, 0.40936297
-0.083251, -0.10054897, -0.17415601
-0.91335797, -0.20355846, -0.35258034
0.917781, 0.49451298
-0.083251, -0.09402298, -0.09402301
-0.94955289, 0.22171697, 0.22171697
0.841066, 0.54478899
-0.083251, -0.14219797, -0.14219803
-0.91332746, -0.28788111, -0.28788111
0.882083, 0.570858
-0.083251, -0.11515399, -0.06648502
-0.94955289, 0.2715537, 0.15677358
0.79488301, 0.59955999
-0.083251, -0.17415598, -0.10054903
-0.91335797, -0.35258034, -0.20355846
0.82780999, 0.635452
-0.083251, -0.128438, -0.03441502
-0.94955289, 0.3028962, 0.08114871
0.73604798, 0.640542
-0.083251, -0.19424598, -0.05204803
-0.91335797, -0.39326152, -0.10538042
0.758564, 0.68387201
-0.083251, -0.13296901, -2e-08
-0.94955289, 0.31357768, 0.0
0.66857302, 0.66486201
-0.083251, -0.19424601, 0.05204797
-0.91335797, -0.39326152, 0.10538042
0.594616, 0.719587
-0.083251, -0.128438, 0.03441498
-0.94955289, 0.3028962, -0.08114871
0.59709698, 0.67081001
-0.083251, -0.17415601, 0.10054897
-0.91335797, -0.35258034, 0.20355846
0.51150203, 0.70435601
-0.083251, -0.11515401, 0.06648397
-0.94955289, 0.27158421, -0.15677358
0.52654397, 0.65800101
-0.083251, -0.09402301, 0.09402298
-0.94955289, 0.22171697, -0.22171697
0.46175399, 0.62737
-0.083251, -0.10054903, 0.17415598
-0.91335797, -0.20355846, 0.35258034
0.37100601, 0.613671
-0.083251, -0.06648402, 0.11515399
-0.94955289, 0.15677358, -0.27158421
0.40707999, 0.581018
-0.083251, -0.03441502, 0.128438
-0.94955289, 0.08114871, -0.3028962
0.366189, 0.52220601
-0.083251, -0.05204803, 0.19424598
-0.91335797, -0.10538042, 0.39326152
0.32302999, 0.54440299
-0.083251, -2e-08, 0.13296901
-0.94955289, 0.0, -0.31357768
0.34198901, 0.45484
-0.083251, 0.05204797, 0.19424601
-0.91335797, 0.10538042, 0.39326152
0.28748199, 0.38126701
-0.083251, 0.03441498, 0.128438
-0.94955289, -0.08114871, -0.3028962
0.33598399, 0.38348502
-0.083251, 0.06648397, 0.115155
-0.94955289, -0.15677358, -0.2715537
0.34860399, 0.31298101
-0.083251, 0.10054897, 0.17415601
-0.91335797, 0.20355846, 0.35258034
0.30227599, 0.29835099
-0.083251, 0.09402298, 0.09402301
-0.94955289, -0.22171697, -0.22171697
0.379022, 0.24811298
-0.083251, 0.17415598, 0.10054903
-0.91335797, 0.35258034, 0.20355846
0.39224899, 0.15743899
-0.083251, 0.11515399, 0.06648402
-0.94955289, -0.27158421, -0.15677358
0.425194, 0.19330603
-0.083251, 0.128438, 0.03441502
-0.94955289, -0.3028962, -0.08114871
0.484016, 0.15228701
-0.083251, 0.19424598, 0.05204803
-0.91335797, 0.39326152, 0.10538042
0.46144199, 0.108971
-0.083251, 0.13296901, 2e-08
-0.94955289, -0.31357768, 0.0
0.551494, 0.12793899
-0.083251, 0.19424601, -0.05204797
-0.91335797, 0.39326152, -0.10538042
0.62545103, 0.073174
-0.083251, 0.128438, -0.03441498
-0.94955289, -0.3028962, 0.08114871
0.62298602, 0.12198299
-0.083251, 0.115155, -0.06648397
-0.94955289, -0.2715537, 0.15677358
0.69353598, 0.13478798
-0.083251, 0.17415601, -0.10054897
-0.91335797, 0.35258034, -0.20355846
0.708583, 0.088413
-0.083251, 0.09402301, -0.09402298
-0.94955289, -0.22171697, 0.22171697
0.75833303, 0.165416
-0.083251, 0.14219803, -0.14219797
-0.91335797, 0.28788111, -0.28788111
0.78482401, 0.12458903
-0.083251, 0.06648502, -0.11515399
-0.94955289, -0.15677358, 0.2715537
0.81298298, 0.211752
-0.06454, 0.04031499, 0.04031601
-0.67885375, 0.51918089, 0.51918089
0.503111, 0.31439501
-0.04395, 0.02850699, 0.049376
-0.73769343, 0.33753473, 0.58467358
0.43283299, 0.32227898
-0.04395, 0.04031499, 0.04031601
-0.73769343, 0.47737053, 0.47737053
0.45841101, 0.27923602
-0.083251, 0.10054903, -0.17415598
-0.91335797, 0.20355846, -0.35258034
0.849069, 0.17917001
-0.083251, 0.03441502, -0.128438
-0.94955289, -0.08114871, 0.3028962
0.85379702, 0.27065498
-0.083251, 0.05204803, -0.19424598
-0.91335797, 0.10538042, -0.39326152
0.89703101, 0.24843103
-0.083251, 2e-08, -0.13296901
-0.94955289, 0.0, 0.31357768
0.87810302, 0.33802497
-0.06454, 2e-08, -0.110382
-0.57350385, 0.0, 0.81917781
0.80095202, 0.36619198
-0.04395, -0.02682698, -0.10012101
-0.78667563, 0.15976439, 0.59630114
0.732813, 0.41115803
-0.04395, 2e-08, -0.103653
-0.78667563, 0.0, 0.61735892
0.73372602, 0.37520498
-0.06454, -0.02856898, -0.106621
-0.57350385, 0.21201208, 0.79125339
0.79835999, 0.42190099
-0.04395, -0.05182599, -0.08976601
-0.78667563, 0.3086642, 0.53462327
0.722911, 0.44506502
-0.06454, 0.02856902, -0.10662099
-0.57350385, -0.21201208, 0.79125339
0.785393, 0.31291598
-0.04395, 0.02682802, -0.10012099
-0.78667563, -0.15976439, 0.59630114
0.72445101, 0.34057301
-0.04395, -0.07329398, -0.07329401
-0.78664511, 0.43653676, 0.43653676
0.70530099, 0.47468799
-0.06454, -0.09559399, -0.05519101
-0.57350385, 0.70943326, 0.4095889
0.71938097, 0.55277401
-0.04395, -0.089766, -0.05182602
-0.78667563, 0.53462327, 0.3086642
0.68144101, 0.49835998
-0.04395, -0.10012099, -0.02682802
-0.78667563, 0.59630114, 0.15976439
0.65295601, 0.51483399
-0.06454, -0.10662099, -0.02856902
-0.57350385, 0.79125339, 0.21201208
0.676543, 0.57729
-0.04395, -0.103653, -2e-08
-0.78667563, 0.61735892, 0.0
0.621629, 0.52325401
-0.06454, -0.110382, -2e-08
-0.57350385, 0.81917781, 0.0
0.62952, 0.58984101
-0.04395, -0.10012101, 0.02682698
-0.78667563, 0.59630114, -0.15976439
0.58930498, 0.52325699
-0.06454, -0.106621, 0.02856898
-0.57350385, 0.79125339, -0.21201208
0.58102202, 0.589928
-0.04395, -0.08976601, 0.05182599
-0.78667563, 0.53462327, -0.3086642
0.55786097, 0.51471201
-0.06454, -0.095594, 0.05519098
-0.57350385, 0.70943326, -0.4095889
0.53378999, 0.577328
-0.04395, -0.07329401, 0.07329398
-0.78664511, 0.43653676, -0.43653676
0.529199, 0.49797398
-0.06454, -0.05519101, 0.09559399
-0.57350385, 0.4095889, -0.70943326
0.454005, 0.51667199
-0.04395, -0.05182602, 0.089766
-0.78667563, 0.3086642, -0.53462327
0.50518501, 0.47383201
-0.06454, -0.02856902, 0.10662099
-0.57350385, 0.21201208, -0.79125339
0.42674199, 0.47113502
-0.04395, -0.02682702, 0.10012099
-0.78667563, 0.15976439, -0.59630114
0.487674, 0.44351602
-0.06454, -2e-08, 0.110382
-0.57350385, 0.0, -0.81917781
0.411268, 0.41783297
-0.04395, -2e-08, 0.103653
-0.78664511, 0.0, -0.61735892
0.47849599, 0.40885299
-0.04395, 0.02682698, 0.10012101
-0.78667563, -0.15976439, -0.59630114
0.479404, 0.37290901
-0.06454, 0.05519098, 0.095594
-0.57350385, -0.4095889, -0.70943326
0.42973101, 0.310938
-0.04395, 0.05182698, 0.08976601
-0.78667563, -0.3086642, -0.53465378
0.48930001, 0.33903098
-0.06454, 0.07805198, 0.07805201
-0.57350385, -0.57924134, -0.57924134
0.45678201, 0.26664299
-0.04395, 0.07329398, 0.07329401
-0.78664511, -0.43653676, -0.43653676
0.50689, 0.30946201
-0.04395, 0.089766, 0.05182701
-0.78667563, -0.53465378, -0.3086642
0.53068101, 0.28574598
-0.06454, 0.09559399, 0.05519101
-0.57350385, -0.70943326, -0.4095889
0.492825, 0.23129201
-0.04395, 0.10012099, 0.02682702
-0.78667563, -0.59630114, -0.15976439
0.55913901, 0.26920402
-0.06454, 0.110382, 2e-08
-0.57350385, -0.81917781, 0.0
0.58258098, 0.19403201
-0.04395, 0.103653, 2e-08
-0.78664511, -0.61735892, 0.0
0.59050101, 0.26068902
-0.04395, 0.10012101, -0.02682698
-0.78667563, -0.59630114, 0.15976439
0.622886, 0.26074302
-0.06454, 0.106621, -0.02856898
-0.57350385, -0.79125339, 0.21201208
0.63106102, 0.19403201
-0.04395, 0.08976601, -0.05182599
-0.78667563, -0.53462327, 0.3086642
0.65434402, 0.26933599
-0.06454, 0.095594, -0.05519098
-0.57350385, -0.70943326, 0.4095889
0.67829698, 0.20666599
-0.04395, 0.07329401, -0.07329398
-0.78664511, -0.43653676, 0.43653676
0.68296701, 0.286111
-0.06454, 0.07805201, -0.07805198
-0.57350385, -0.57924134, 0.57924134
0.72152102, 0.23150897
-0.04395, 0.05182701, -0.089766
-0.78667563, -0.3086642, 0.53462327
0.706967, 0.31022
-0.06454, 0.05519101, -0.09559399
-0.57350385, -0.4095889, 0.70943326
0.75812697, 0.26736498
-0.06454, -0.05519098, -0.095594
-0.57350385, 0.4095889, 0.70943326
0.78252298, 0.47315598
-0.06454, -0.02856898, -0.106621
-0.57350385, 0.21201208, 0.79125339
0.83546501, 0.407188
-0.06454, -0.05519098, -0.095594
-0.57350385, 0.4095889, 0.70943326
0.82501101, 0.46518099
-0.06454, -0.07805198, -0.07805201
-0.57350385, 0.57924134, 0.57924134
0.80002803, 0.518585
-0.06454, -0.09559399, -0.05519101
-0.57350385, 0.70943326, 0.4095889
0.76195902, 0.56364799
-0.06454, -0.10662099, -0.02856902
-0.57350385, 0.79125339, 0.21201208
0.71353602, 0.59730801
-0.06454, -0.106621, 0.02856898
-0.57350385, 0.79125339, -0.21201208
0.59929299, 0.622123
-0.06454, -0.07805201, 0.07805198
-0.57350385, 0.57924134, -0.57924134
0.48801199, 0.58638299
-0.06454, -0.02856902, 0.10662099
-0.57350385, 0.21201208, -0.79125339
0.409421, 0.499874
-0.06454, 0.02856898, 0.106621
-0.57350385, -0.21201208, -0.79125339
0.38460401, 0.385598
-0.06454, 0.05519098, 0.095594
-0.57350385, -0.4095889, -0.70943326
0.395035, 0.32757598
-0.06454, 0.07805198, 0.07805201
-0.57350385, -0.57924134, -0.57924134
0.42011601, 0.27422303
-0.06454, 0.10662099, 0.02856902
-0.57350385, -0.79125339, -0.21201208
0.50655502, 0.19550598
-0.06454, 0.106621, -0.02856898
-0.57350385, -0.79125339, 0.21201208
0.62079602, 0.17067403
-0.06454, 0.095594, -0.05519098
-0.57350385, -0.70943326, 0.4095889
0.67879999, 0.18121201
-0.06454, 0.07805201, -0.07805198
-0.57350385, -0.57924134, 0.57924134
0.73208803, 0.20641297
-0.06454, 0.05519101, -0.09559399
-0.57350385, -0.4095889, 0.70943326
0.777031, 0.24453801
-0.06454, 0.02856902, -0.10662099
-0.57350385, -0.21201208, 0.79125339
0.81054699, 0.292983
-0.04395, 1e-08, -0.057015
-0.73769343, 0.0, -0.67509997
0.70702398, 0.38289899
-0.04395, -0.02682698, -0.10012101
-0.78667563, 0.15976439, 0.59630114
0.79902101, 0.42474699
-0.04395, -0.01475699, -0.055072
-0.73769343, -0.17474899, -0.652089
0.70672101, 0.41043103
-0.04395, -0.05182599, -0.08976601
-0.78667563, 0.3086642, 0.53462327
0.78402501, 0.475739
-0.04395, -0.02850699, -0.049376
-0.73766291, -0.33756524, -0.58467358
0.69953901, 0.43687803
-0.04395, -0.04031499, -0.04031601
-0.73769343, -0.47737053, -0.47737053
0.68609202, 0.460419
-0.04395, -0.089766, -0.05182602
-0.78667563, 0.53462327, 0.3086642
0.721223, 0.55588901
-0.04395, -0.049376, -0.02850701
-0.73769343, -0.58467358, -0.33756524
0.66736603, 0.47949803
-0.04395, -0.05507199, -0.01475701
-0.73769343, -0.652089, -0.17474899
0.64465302, 0.49288702
-0.04395, -0.10012099, -0.02682802
-0.78667563, 0.59630114, 0.15976439
0.67808503, 0.580663
-0.04395, -0.057015, -1e-08
-0.73769343, -0.67509997, 0.0
0.61945498, 0.49976099
-0.04395, -0.10012101, 0.02682698
-0.78667563, 0.59630114, -0.15976439
0.58169299, 0.59333101
-0.04395, -0.055072, 0.01475599
-0.73769343, -0.65211952, 0.17471847
0.59339601, 0.49967301
-0.04395, -0.08976601, 0.05182599
-0.78667563, 0.53462327, -0.3086642
0.534073, 0.58048001
-0.04395, -0.049376, 0.02850699
-0.73769343, -0.58464307, 0.33756524
0.56823897, 0.49256599
-0.04395, -0.04031501, 0.04031499
-0.73769343, -0.47737053, 0.47737053
0.54553902, 0.47892499
-0.04395, -0.05182602, 0.089766
-0.78667563, 0.3086642, -0.53462327
0.454301, 0.51900101
-0.04395, -0.02850701, 0.049376
-0.73769343, -0.33756524, 0.58464307
0.52691501, 0.459521
-0.04395, -0.01475601, 0.05507199
-0.73769343, -0.17471847, 0.65211952
0.51378101, 0.43572003
-0.04395, -0.02682702, 0.10012099
-0.78667563, 0.15976439, -0.59630114
0.42778301, 0.47341001
-0.04395, -1e-08, 0.057015
-0.73769343, 0.0, 0.67509997
0.50705701, 0.40902102
-0.04395, 0.02682698, 0.10012101
-0.78667563, -0.15976439, -0.59630114
0.415259, 0.36722499
-0.04395, 0.01475599, 0.055072
-0.73769343, 0.17471847, 0.65211952
0.50736398, 0.38150603
-0.04395, 0.02850699, 0.049376
-0.73769343, 0.33753473, 0.58467358
0.51453298, 0.35506701
-0.04395, 0.05182698, 0.08976601
-0.78667563, -0.3086642, -0.53465378
0.430246, 0.316275
-0.04395, 0.04031499, 0.04031601
-0.73769343, 0.47737053, 0.47737053
0.52795202, 0.33152097
-0.04395, 0.089766, 0.05182701
-0.78667563, -0.53465378, -0.3086642
0.49291301, 0.23614103
-0.04395, 0.049376, 0.02850701
-0.73769343, 0.58467358, 0.33756524
0.54673302, 0.312424
-0.04395, 0.05507199, 0.01475701
-0.73769343, 0.652089, 0.17474899
0.56943703, 0.299025
-0.04395, 0.10012099, 0.02682702
-0.78667563, -0.59630114, -0.15976439
0.53600901, 0.21126598
-0.04395, 0.057015, 1e-08
-0.73769343, 0.67509997, 0.0
0.59464502, 0.29213399
-0.04395, 0.10012101, -0.02682698
-0.78667563, -0.59630114, 0.15976439
0.63254702, 0.19854099
-0.04395, 0.055072, -0.01475699
-0.73769343, 0.652089, -0.17474899
0.62069303, 0.29227901
-0.04395, 0.08976601, -0.05182599
-0.78667563, -0.53462327, 0.3086642
0.68018597, 0.21146297
-0.04395, 0.049376, -0.02850699
-0.73766291, 0.58467358, -0.33756524
0.64584702, 0.29937798
-0.04395, 0.04031601, -0.04031499
-0.73769343, 0.47737053, -0.47737053
0.66853899, 0.31301302
-0.04395, 0.05182701, -0.089766
-0.78667563, -0.3086642, 0.53462327
0.75988001, 0.27294803
-0.04395, 0.02850701, -0.049376
-0.73769343, 0.33756524, -0.58467358
0.68716198, 0.332403
-0.04395, 0.01475701, -0.05507199
-0.73769343, 0.17474899, -0.652089
0.70033401, 0.35628599
-0.04395, 0.02682802, -0.10012099
-0.78667563, -0.15976439, 0.59630114
0.786358, 0.31859499
-0.06454, -0.049376, 0.02850699
-0.67885375, -0.63585317, 0.36710715
0.55697501, 0.521155
-0.04395, -0.055072, 0.01475599
-0.73769343, -0.65211952, 0.17471847
0.58315498, 0.58662301
-0.04395, -0.049376, 0.02850699
-0.73769343, -0.58464307, 0.33756524
0.53520203, 0.57363001
-0.06454, 0.01475701, -0.05507199
-0.67885375, 0.19003876, -0.70921963
0.73399299, 0.34618098
-0.04395, 0.02850701, -0.049376
-0.73769343, 0.33756524, -0.58467358
0.76188302, 0.28084803
-0.04395, 0.01475701, -0.05507199
-0.73769343, 0.17474899, -0.652089
0.78699201, 0.324507
-0.06454, -0.01475699, -0.055072
-0.67885375, -0.19003876, -0.70921963
0.74257302, 0.41548598
-0.04395, 1e-08, -0.057015
-0.73769343, 0.0, -0.67509997
0.79974198, 0.37315601
-0.04395, -0.01475699, -0.055072
-0.73769343, -0.17474899, -0.652089
0.79916501, 0.42348498
-0.06454, 0.049376, 0.02850701
-0.67885375, 0.63585317, 0.36710715
0.52818203, 0.28972203
-0.04395, 0.049376, 0.02850701
-0.73769343, 0.58467358, 0.33756524
0.49421099, 0.244326
-0.06454, -0.04031501, 0.04031499
-0.67885375, -0.51918089, 0.51918089
0.52662402, 0.50345799
-0.04395, -0.04031501, 0.04031499
-0.73769343, -0.47737053, 0.47737053
0.49193299, 0.54869401
-0.06454, 1e-08, -0.057015
-0.67885375, 0.0, -0.73424482
0.74280697, 0.38026297
-0.06454, -0.02850699, -0.049376
-0.67885375, -0.36710715, -0.63585317
0.73306203, 0.44942898
-0.04395, -0.02850699, -0.049376
-0.73766291, -0.33756524, -0.58467358
0.78547502, 0.47183299
-0.06454, 0.05507199, 0.01475701
-0.67885375, 0.70921963, 0.19003876
0.55868, 0.27245998
-0.04395, 0.05507199, 0.01475701
-0.73769343, 0.652089, 0.17474899
0.53748697, 0.21983099
-0.06454, -0.02850701, 0.049376
-0.67885375, -0.36710715, 0.63585317
0.50187701, 0.47851598
-0.04395, -0.02850701, 0.049376
-0.73769343, -0.33756524, 0.58464307
0.45643601, 0.51322401
-0.06454, -0.04031499, -0.04031601
-0.67885375, -0.51918089, -0.51918089
0.71520197, 0.47969699
-0.04395, -0.04031499, -0.04031601
-0.73769343, -0.47737053, -0.47737053
0.75984502, 0.514864
-0.06454, 0.057015, 1e-08
-0.67885375, 0.73424482, 0.0
0.59254998, 0.26353002
-0.04395, 0.057015, 1e-08
-0.73769343, 0.67509997, 0.0
0.58553499, 0.20723599
-0.06454, -0.01475601, 0.05507199
-0.67885375, -0.19003876, 0.70921963
0.484355, 0.44794798
-0.04395, -0.01475601, 0.05507199
-0.73769343, -0.17471847, 0.65211952
0.4314, 0.46971399
-0.06454, -0.049376, -0.02850701
-0.67885375, -0.63585317, -0.36710715
0.69015098, 0.50435999
-0.04395, -0.049376, -0.02850701
-0.73769343, -0.58467358, -0.33756524
0.72415102, 0.549741
-0.06454, 0.055072, -0.01475699
-0.67885375, 0.70921963, -0.19003876
0.62756401, 0.263776
-0.04395, 0.055072, -0.01475699
-0.73769343, 0.652089, -0.17474899
0.63518602, 0.20750099
-0.06454, -1e-08, 0.057015
-0.67885375, 0.0, 0.73424482
0.475528, 0.413836
-0.04395, -1e-08, 0.057015
-0.73769343, 0.0, 0.67509997
0.41858301, 0.42090797
-0.06454, -0.05507199, -0.01475701
-0.67885375, -0.70921963, -0.19003876
0.65965903, 0.521613
-0.04395, -0.05507199, -0.01475701
-0.73769343, -0.652089, -0.17474899
0.680857, 0.57421699
-0.06454, 0.049376, -0.02850699
-0.67885375, 0.63585317, -0.36710715
0.66136098, 0.27294099
-0.04395, 0.049376, -0.02850699
-0.73766291, 0.58467358, -0.33756524
0.68313199, 0.220478
-0.06454, 0.01475599, 0.055072
-0.67885375, 0.19003876, 0.70921963
0.475757, 0.37860799
-0.04395, 0.01475599, 0.055072
-0.73769343, 0.17471847, 0.65211952
0.419168, 0.37061
-0.06454, -0.057015, -1e-08
-0.67885375, -0.73424482, 0.0
0.62578899, 0.530545
-0.04395, -0.057015, -1e-08
-0.73769343, -0.67509997, 0.0
0.63282698, 0.58678401
-0.06454, 0.04031601, -0.04031499
-0.67885375, 0.51918089, -0.51918089
0.691706, 0.29064
-0.04395, 0.04031601, -0.04031499
-0.73769343, 0.47737053, -0.47737053
0.72638702, 0.24540198
-0.06454, 0.02850699, 0.049376
-0.67885375, 0.36710715, 0.63588369
0.48526099, 0.34466499
-0.06454, -0.055072, 0.01475599
-0.67885375, -0.70921963, 0.19003876
0.59077197, 0.53031701
-0.06454, 0.02850701, -0.049376
-0.67885375, 0.36710715, -0.63585317
0.71645498, 0.315588
-0.06454, 0.0, 0.0
-1.0, 0.0, 0.0
0.60734898, 0.39608598
-0.06454, 0.05507199, 0.01475701
-0.67885375, 0.70921963, 0.19003876
0.551162, 0.25951099
-0.06454, 0.057015, 1e-08
-0.67885375, 0.73424482, 0.0
0.588857, 0.24972302
-0.06454, -0.05507199, -0.01475701
-0.67885375, -0.70921963, -0.19003876
0.663544, 0.53264001
-0.06454, -0.049376, -0.02850701
-0.67885375, -0.63585317, -0.36710715
0.69748098, 0.513726
-0.06454, 0.04031499, 0.04031601
-0.67885375, 0.51918089, 0.51918089
0.489317, 0.30548197
-0.06454, 0.049376, 0.02850701
-0.67885375, 0.63585317, 0.36710715
0.51721901, 0.27843499
-0.06454, -0.04031499, -0.04031601
-0.67885375, -0.51918089, -0.51918089
0.72535902, 0.48668998
-0.06454, -0.02850699, -0.049376
-0.67885375, -0.36710715, -0.63585317
0.74523699, 0.45350999
-0.06454, 0.01475599, 0.055072
-0.67885375, 0.19003876, 0.70921963
0.45887399, 0.37587398
-0.06454, 0.02850699, 0.049376
-0.67885375, 0.36710715, 0.63588369
0.46945101, 0.338664
-0.06454, 0.04031601, -0.04031499
-0.67885375, 0.51918089, -0.51918089
0.69920999, 0.279441
-0.06454, 0.02850701, -0.049376
-0.67885375, 0.36710715, -0.63585317
0.72675502, 0.30678898
-0.06454, -0.01475601, 0.05507199
-0.67885375, -0.19003876, 0.70921963
0.46844301, 0.451886
-0.06454, -1e-08, 0.057015
-0.67885375, 0.0, 0.73424482
0.45862001, 0.41449201
-0.06454, -0.01475699, -0.055072
-0.67885375, -0.19003876, -0.70921963
0.755822, 0.41630101
-0.06454, 1e-08, -0.057015
-0.67885375, 0.0, -0.73424482
0.75608301, 0.377689
-0.06454, 0.01475701, -0.05507199
-0.67885375, 0.19003876, -0.70921963
0.74627298, 0.34032601
-0.06454, -0.04031501, 0.04031499
-0.67885375, -0.51918089, 0.51918089
0.515486, 0.51273799
-0.06454, -0.02850701, 0.049376
-0.67885375, -0.36710715, 0.63585317
0.48794401, 0.48539603
-0.06454, 0.055072, -0.01475699
-0.67885375, 0.70921963, -0.19003876
0.62782598, 0.24999201
-0.06454, -0.055072, 0.01475599
-0.67885375, -0.70921963, 0.19003876
0.586878, 0.542182
-0.06454, -0.057015, -1e-08
-0.67885375, -0.73424482, 0.0
0.62584901, 0.54243201
-0.064237, 4e-08, -0.220277
-0.37376019, 0.0, -0.92751855
0.024103, 0.05293202
-0.064237, 0.05701203, -0.21277098
-0.37376019, 0.24002808, -0.89590138
0.024101, 0.05310303
-0.064237, 0.220277, 4e-08
-0.37372968, 0.92751855, 0.0
0.024079, 0.05311602
-0.064237, 0.21277101, -0.05701197
-0.37376019, 0.89590138, -0.2400586
0.024124, 0.05308998
-0.064237, 0.19076602, -0.11013897
-0.37376019, 0.80324715, -0.46372876
0.024099, 0.05310398
-0.064237, 0.15576003, -0.15575898
-0.37376019, 0.65584278, -0.65584278
0.024081, 0.05311501
-0.064237, 0.11013903, -0.19076599
-0.37376019, 0.46372876, -0.80324715
0.024127, 0.05308801
0.083251, 3e-08, -0.201098
0.91335797, 0.0, -0.40714744
0.024103, 0.28834897
0.083251, -0.05204797, -0.19424601
0.91335797, -0.10538042, -0.39326152
0.024087, 0.28833401
0.064237, -0.11013897, -0.19076602
0.37376019, -0.46375927, -0.80324715
0.024123, 0.248339
0.083251, -0.14219797, -0.14219803
0.91332746, -0.28788111, -0.28788111
0.024104, 0.28834897
0.064237, -0.19076599, -0.11013903
0.37376019, -0.80324715, -0.46375927
0.024079, 0.247805
0.083251, -0.19424598, -0.05204803
0.91335797, -0.39326152, -0.10538042
0.024124, 0.28836
0.064237, -0.220277, -4e-08
0.37372968, -0.92751855, 0.0
0.024099, 0.24781799
0.083251, -0.19424601, 0.05204797
0.91335797, -0.39326152, 0.10538042
0.024077, 0.28833199
0.083251, -0.17415601, 0.10054897
0.91335797, -0.35258034, 0.20355846
0.024122, 0.28835899
0.064237, -0.15575904, 0.15575998
0.37376019, -0.65584278, 0.65584278
0.024107, 0.24832898
0.064237, -0.11013903, 0.19076498
0.37376019, -0.46375927, 0.80324715
0.02408, 0.24831402
0.064237, -0.05701203, 0.21277098
0.37376019, -0.2400586, 0.89590138
0.024125, 0.24834102
0.083251, -3e-08, 0.201098
0.91335797, 0.0, 0.40714744
0.024079, 0.28836
0.083251, 0.05204797, 0.19424601
0.91335797, 0.10538042, 0.39326152
0.024125, 0.28833401
0.083251, 0.10054897, 0.17415601
0.91335797, 0.20355846, 0.35258034
0.024099, 0.28834802
0.083251, 0.14219797, 0.14219803
0.91335797, 0.28788111, 0.28788111
0.024082, 0.28835899
0.083251, 0.19424598, 0.05204803
0.91335797, 0.39326152, 0.10538042
0.024103, 0.28834701
0.083251, 0.19424601, -0.05204797
0.91335797, 0.39326152, -0.10538042
0.024127, 0.28833401
0.06454, 0.02850701, -0.049376
0.67885375, 0.36710715, -0.63585317
0.72675502, 0.30678898
-0.064237, 0.05701197, 0.21277101
-0.37376019, 0.24002808, 0.89590138
0.024125, 0.05308998
-0.064237, -4e-08, 0.220277
-0.37376019, 0.0, 0.92751855
0.024079, 0.05311602
-0.064237, 0.15575998, 0.15575904
-0.37376019, 0.65584278, 0.65584278
0.024082, 0.05311501
-0.064237, 0.19076599, 0.11013903
-0.37376019, 0.80324715, 0.46372876
0.024126, 0.05308801
-0.064237, 0.21277098, 0.05701203
-0.37376019, 0.89590138, 0.2400586
0.024101, 0.05310303
-0.064237, 0.11013897, 0.19076602
-0.37376019, 0.46372876, 0.80324715
0.024099, 0.053105
-0.083251, 3e-08, -0.201098
-0.91335797, 0.0, -0.40714744
0.14654399, 0.01291299
-0.083251, 0.05204803, -0.19424598
-0.91335797, 0.10538042, -0.39326152
0.14656, 0.012927
-0.083251, 0.10054903, -0.17415598
-0.91335797, 0.20355846, -0.35258034
0.146522, 0.01290101
-0.083251, 0.14219803, -0.14219797
-0.91335797, 0.28788111, -0.28788111
0.146543, 0.01291198
-0.083251, 0.19424601, -0.05204797
-0.91335797, 0.39326152, -0.10538042
0.024127, 0.012927
-0.083251, 0.19424601, -0.05204797
-0.91335797, 0.39326152, -0.10538042
0.146523, 0.01290101
-0.083251, 0.19424598, 0.05204803
-0.91335797, 0.39326152, 0.10538042
0.024103, 0.01291502
-0.083251, 0.19424598, 0.05204803
-0.91335797, 0.39326152, 0.10538042
0.146571, 0.01292902
-0.083251, 0.14219797, 0.14219803
-0.91335797, 0.28788111, 0.28788111
0.024082, 0.01290298
-0.083251, 0.10054897, 0.17415601
-0.91335797, 0.20355846, 0.35258034
0.024099, 0.01291299
-0.083251, 0.05204797, 0.19424601
-0.91335797, 0.10538042, 0.39326152
0.024125, 0.01292801
-0.083251, -3e-08, 0.201098
-0.91335797, 0.0, 0.40714744
0.024079, 0.01290101
-0.083251, -3e-08, 0.201098
-0.91335797, 0.0, 0.40714744
0.146567, 0.01290101
-0.083251, -0.05204803, 0.19424598
-0.91335797, -0.10538042, 0.39326152
0.146521, 0.01292801
-0.083251, -0.10054903, 0.17415598
-0.91335797, -0.20355846, 0.35258034
0.146547, 0.01291299
-0.083251, -0.17415601, 0.10054897
-0.91335797, -0.35258034, 0.20355846
0.024122, 0.01290298
-0.083251, -0.19424601, 0.05204797
-0.91335797, -0.39326152, 0.10538042
0.024077, 0.01292902
-0.083251, -0.19424601, 0.05204797
-0.91335797, -0.39326152, 0.10538042
0.14654399, 0.01291502
-0.083251, -0.19424598, -0.05204803
-0.91335797, -0.39326152, -0.10538042
0.024124, 0.01290101
-0.083251, -0.19424598, -0.05204803
-0.91335797, -0.39326152, -0.10538042
0.14652, 0.012927
-0.083251, -0.14219797, -0.14219803
-0.91332746, -0.28788111, -0.28788111
0.024104, 0.01291198
-0.083251, -0.14219797, -0.14219803
-0.91332746, -0.28788111, -0.28788111
0.14656299, 0.01290202
-0.083251, -0.05204797, -0.19424601
-0.91335797, -0.10538042, -0.39326152
0.024087, 0.01292801
-0.083251, 3e-08, -0.201098
-0.91335797, 0.0, -0.40714744
0.024103, 0.01291299
-0.083251, -0.20109899, -3e-08
-0.91332746, -0.40714744, 0.0
0.67897397, 0.71268001
-0.083251, -0.14219803, 0.14219797
-0.91335797, -0.28788111, 0.28788111
0.435298, 0.66818899
-0.083251, -3e-08, 0.201098
-0.91335797, 0.0, 0.40714744
0.29456201, 0.46516502
-0.083251, 0.14219797, 0.14219803
-0.91335797, 0.28788111, 0.28788111
0.33798599, 0.222009
-0.083251, 0.20109899, 3e-08
-0.91332746, 0.40714744, 0.0
0.541044, 0.08008301
-0.083251, 3e-08, -0.201098
-0.91335797, 0.0, -0.40714744
0.92550999, 0.32768297
-0.06454, -0.07805198, -0.07805201
-0.57350385, 0.57924134, 0.57924134
0.75548899, 0.51749599
-0.06454, -0.07805201, 0.07805198
-0.57350385, 0.57924134, -0.57924134
0.49056399, 0.552549
-0.06454, 0.02856898, 0.106621
-0.57350385, -0.21201208, -0.79125339
0.41388801, 0.36215597
-0.06454, 0.10662099, 0.02856902
-0.57350385, -0.79125339, -0.21201208
0.53561699, 0.20670903
-0.06454, 2e-08, -0.110382
-0.57350385, 0.0, 0.81917781
0.83058101, 0.348423
-0.06454, -0.110382, -2e-08
-0.57350385, 0.81917781, 0.0
0.65804899, 0.61725801
-0.06454, -0.095594, 0.05519098
-0.57350385, 0.70943326, -0.4095889
0.541291, 0.61158201
-0.06454, -0.05519101, 0.09559399
-0.57350385, 0.4095889, -0.70943326
0.44308901, 0.54826301
-0.06454, -2e-08, 0.110382
-0.57350385, 0.0, -0.81917781
0.389514, 0.44435298
-0.06454, 0.09559399, 0.05519101
-0.57350385, -0.70943326, -0.4095889
0.45814699, 0.229173
-0.06454, 0.110382, 2e-08
-0.57350385, -0.81917781, 0.0
0.56203598, 0.17554599
-0.04395, 2e-08, -0.103653
-0.78667563, 0.0, 0.61735892
0.800403, 0.37067699
-0.04395, -0.07329398, -0.07329401
-0.78664511, 0.43653676, 0.43653676
0.757357, 0.52028799
-0.04395, -0.103653, -2e-08
-0.78667563, 0.61735892, 0.0
0.63064498, 0.593326
-0.04395, -0.07329401, 0.07329398
-0.78664511, 0.43653676, -0.43653676
0.490668, 0.55530801
-0.04395, -2e-08, 0.103653
-0.78664511, 0.0, -0.61735892
0.413883, 0.42128003
-0.04395, 0.07329398, 0.07329401
-0.78664511, -0.43653676, -0.43653676
0.456882, 0.27180803
-0.04395, 0.103653, 2e-08
-0.78664511, -0.61735892, 0.0
0.58350301, 0.19845998
-0.04395, 0.07329401, -0.07329398
-0.78664511, -0.43653676, 0.43653676
0.72353297, 0.236691
-0.06454, 0.049376, -0.02850699
-0.67885375, 0.63585317, -0.36710715
0.66543901, 0.26003897
-0.06454, -0.049376, 0.02850699
-0.67885375, -0.63585317, 0.36710715
0.54926401, 0.532139
# Number of Faces:
672
# Face Data:
0, 1, 2
3, 4, 0
5, 6, 3
7, 8, 5
9, 10, 7
9, 11, 12
13, 14, 11
15, 14, 16
15, 17, 18
19, 17, 20
21, 22, 19
21, 23, 24
25, 23, 26
27, 28, 25
27, 29, 30
31, 29, 32
33, 34, 31
33, 35, 36
37, 35, 38
39, 40, 37
41, 42, 39
43, 44, 45
46, 47, 41
48, 49, 46
50, 51, 52
53, 54, 55
56, 57, 58
59, 60, 61
62, 63, 64
65, 66, 67
68, 69, 70
71, 72, 73
74, 75, 76
77, 78, 79
80, 81, 82
83, 84, 85
86, 87, 80
82, 88, 89
90, 91, 92
93, 91, 94
95, 96, 93
97, 98, 95
99, 100, 97
101, 102, 99
101, 103, 104
105, 106, 103
107, 108, 106
109, 108, 110
109, 111, 112
113, 114, 111
115, 114, 116
117, 118, 115
117, 119, 120
121, 119, 122
123, 124, 121
125, 126, 123
127, 128, 125
89, 129, 127
90, 130, 86
131, 132, 133
134, 135, 136
137, 138, 139
140, 141, 142
143, 144, 145
146, 147, 148
149, 150, 151
152, 153, 154
155, 156, 157
158, 159, 160
161, 162, 163
164, 165, 166
167, 168, 169
170, 171, 172
173, 174, 175
176, 177, 178
179, 180, 181
182, 183, 184
70, 185, 186
72, 187, 73
76, 188, 189
79, 190, 191
85, 192, 193
194, 195, 196
48, 197, 2
2, 198, 0
3, 198, 199
5, 199, 200
7, 200, 201
9, 201, 202
9, 203, 13
16, 203, 204
16, 205, 15
20, 205, 206
20, 207, 19
21, 207, 208
21, 209, 26
26, 210, 25
27, 210, 211
32, 211, 212
32, 213, 31
33, 213, 214
33, 215, 38
38, 216, 37
39, 216, 217
41, 217, 218
46, 218, 219
48, 219, 220
48, 1, 221
222, 223, 224
225, 226, 223
227, 226, 228
227, 229, 230
231, 229, 232
233, 234, 231
233, 235, 236
237, 238, 235
239, 238, 240
239, 241, 242
243, 241, 244
245, 246, 243
245, 247, 248
249, 247, 250
251, 252, 249
251, 253, 254
255, 253, 256
257, 258, 255
257, 259, 260
261, 262, 259
263, 262, 264
263, 265, 266
267, 265, 268
222, 269, 267
270, 271, 272
273, 274, 275
276, 277, 278
45, 279, 280
272, 281, 282
275, 283, 276
278, 284, 285
280, 286, 287
282, 288, 289
285, 290, 291
287, 292, 293
289, 294, 295
291, 296, 297
293, 298, 299
295, 300, 301
297, 302, 303
299, 304, 305
301, 306, 307
303, 308, 309
305, 310, 311
307, 312, 43
309, 313, 270
311, 314, 273
315, 316, 317
315, 318, 319
315, 320, 321
315, 322, 323
315, 324, 325
315, 326, 327
315, 328, 329
330, 315, 323
331, 315, 332
315, 333, 334
315, 335, 336
315, 337, 338
339, 340, 341
342, 170, 172
343, 167, 169
344, 345, 346
347, 176, 178
348, 349, 179
350, 182, 184
351, 352, 353
354, 355, 356
357, 358, 359
360, 361, 362
363, 364, 365
366, 173, 175
367, 368, 369
370, 371, 372
373, 374, 375
376, 377, 378
379, 380, 381
382, 383, 384
385, 386, 387
388, 389, 390
391, 392, 393
394, 395, 396
397, 398, 399
400, 401, 402
344, 403, 404
363, 405, 406
360, 407, 408
409, 410, 357
411, 412, 354
351, 413, 414
415, 416, 65
62, 417, 418
419, 420, 59
339, 421, 422
423, 424, 50
425, 426, 53
427, 428, 429
430, 431, 428
432, 433, 431
434, 435, 433
436, 437, 435
437, 438, 439
439, 440, 441
440, 442, 441
442, 443, 444
443, 445, 444
446, 447, 445
447, 448, 449
448, 450, 449
451, 452, 450
452, 453, 454
453, 455, 454
456, 457, 455
457, 458, 459
458, 460, 459
461, 462, 460
463, 464, 462
465, 466, 467
468, 469, 464
470, 471, 469
472, 473, 474
475, 476, 473
477, 474, 478
479, 480, 481
480, 482, 481
483, 484, 482
485, 486, 484
487, 488, 486
489, 490, 488
490, 491, 492
492, 493, 494
494, 495, 496
495, 497, 496
497, 498, 499
499, 500, 501
500, 502, 501
503, 504, 502
504, 505, 506
505, 507, 506
508, 509, 507
510, 511, 509
512, 513, 511
514, 478, 513
515, 479, 476
516, 471, 429
517, 429, 428
431, 517, 428
433, 518, 431
435, 519, 433
437, 520, 435
521, 437, 439
441, 521, 439
522, 441, 442
444, 522, 442
523, 444, 445
447, 523, 445
524, 447, 449
525, 449, 450
452, 525, 450
454, 526, 452
527, 454, 455
457, 527, 455
528, 457, 459
529, 459, 460
462, 529, 460
464, 530, 462
469, 531, 464
471, 532, 469
471, 427, 429
533, 534, 535
535, 536, 537
536, 538, 537
538, 539, 540
539, 541, 540
542, 543, 541
543, 544, 545
545, 546, 547
546, 548, 547
548, 549, 550
549, 551, 550
552, 553, 551
553, 554, 555
554, 556, 555
557, 558, 556
558, 559, 560
559, 561, 560
562, 563, 561
563, 564, 565
565, 566, 567
566, 568, 567
568, 569, 570
569, 571, 570
572, 533, 571
573, 574, 575
576, 577, 578
579, 580, 581
582, 467, 583
584, 575, 585
586, 578, 580
587, 581, 588
589, 583, 590
591, 585, 592
593, 588, 594
595, 590, 596
597, 592, 598
599, 594, 600
601, 596, 602
603, 598, 604
605, 600, 606
607, 602, 608
609, 604, 610
611, 606, 612
613, 608, 614
615, 610, 466
616, 612, 574
617, 614, 577
618, 619, 620
621, 618, 622
618, 623, 624
625, 618, 626
618, 627, 628
618, 629, 630
618, 631, 632
633, 618, 634
618, 635, 634
618, 636, 637
638, 618, 620
639, 618, 640
0, 4, 1
3, 6, 4
5, 8, 6
7, 10, 8
9, 12, 10
9, 13, 11
13, 16, 14
15, 18, 14
15, 20, 17
19, 22, 17
21, 24, 22
21, 26, 23
25, 28, 23
27, 30, 28
27, 32, 29
31, 34, 29
33, 36, 34
33, 38, 35
37, 40, 35
39, 42, 40
41, 47, 42
43, 312, 44
46, 49, 47
48, 221, 49
50, 424, 51
53, 641, 54
56, 642, 57
59, 420, 60
62, 418, 63
65, 416, 66
68, 643, 69
71, 644, 72
74, 645, 75
77, 646, 78
80, 87, 81
83, 647, 84
86, 130, 87
82, 81, 88
90, 94, 91
93, 96, 91
95, 98, 96
97, 100, 98
99, 102, 100
101, 104, 102
101, 105, 103
105, 107, 106
107, 110, 108
109, 112, 108
109, 113, 111
113, 116, 114
115, 118, 114
117, 120, 118
117, 122, 119
121, 124, 119
123, 126, 124
125, 128, 126
127, 129, 128
89, 88, 129
90, 92, 130
131, 648, 132
134, 649, 135
137, 650, 138
140, 651, 141
143, 652, 144
146, 653, 147
149, 654, 150
152, 655, 153
155, 656, 156
158, 657, 159
161, 658, 162
164, 659, 165
167, 660, 168
170, 661, 171
173, 662, 174
176, 663, 177
179, 349, 180
182, 664, 183
70, 69, 185
72, 665, 187
76, 75, 188
79, 78, 190
85, 84, 192
194, 57, 195
48, 220, 197
2, 197, 198
3, 0, 198
5, 3, 199
7, 5, 200
9, 7, 201
9, 202, 203
16, 13, 203
16, 204, 205
20, 15, 205
20, 206, 207
21, 19, 207
21, 208, 209
26, 209, 210
27, 25, 210
32, 27, 211
32, 212, 213
33, 31, 213
33, 214, 215
38, 215, 216
39, 37, 216
41, 39, 217
46, 41, 218
48, 46, 219
48, 2, 1
222, 225, 223
225, 228, 226
227, 230, 226
227, 232, 229
231, 234, 229
233, 236, 234
233, 237, 235
237, 240, 238
239, 242, 238
239, 244, 241
243, 246, 241
245, 248, 246
245, 250, 247
249, 252, 247
251, 254, 252
251, 256, 253
255, 258, 253
257, 260, 258
257, 261, 259
261, 264, 262
263, 266, 262
263, 268, 265
267, 269, 265
222, 224, 269
270, 313, 271
273, 314, 274
276, 283, 277
45, 44, 279
272, 271, 281
275, 274, 283
278, 277, 284
280, 279, 286
282, 281, 288
285, 284, 290
287, 286, 292
289, 288, 294
291, 290, 296
293, 292, 298
295, 294, 300
297, 296, 302
299, 298, 304
301, 300, 306
303, 302, 308
305, 304, 310
307, 306, 312
309, 308, 313
311, 310, 314
315, 336, 316
315, 338, 318
315, 317, 320
315, 319, 322
315, 321, 324
315, 666, 326
315, 325, 328
330, 332, 315
331, 666, 315
315, 329, 333
315, 327, 335
315, 334, 337
339, 422, 340
342, 667, 170
343, 668, 167
344, 404, 345
347, 669, 176
348, 670, 349
350, 671, 182
351, 414, 352
354, 412, 355
357, 410, 358
360, 408, 361
363, 406, 364
366, 672, 173
367, 673, 368
370, 674, 371
373, 675, 374
376, 676, 377
379, 677, 380
382, 678, 383
385, 679, 386
388, 680, 389
391, 681, 392
394, 682, 395
397, 683, 398
400, 684, 401
344, 685, 403
363, 686, 405
360, 687, 407
409, 688, 410
411, 689, 412
351, 690, 413
415, 691, 416
62, 692, 417
419, 693, 420
339, 694, 421
423, 695, 424
425, 696, 426
427, 430, 428
430, 432, 431
432, 434, 433
434, 436, 435
436, 697, 437
437, 697, 438
439, 438, 440
440, 698, 442
442, 698, 443
443, 446, 445
446, 699, 447
447, 699, 448
448, 451, 450
451, 700, 452
452, 700, 453
453, 456, 455
456, 701, 457
457, 701, 458
458, 461, 460
461, 463, 462
463, 468, 464
465, 615, 466
468, 470, 469
470, 702, 471
472, 475, 473
475, 515, 476
477, 472, 474
479, 703, 480
480, 483, 482
483, 485, 484
485, 487, 486
487, 489, 488
489, 704, 490
490, 704, 491
492, 491, 493
494, 493, 495
495, 705, 497
497, 705, 498
499, 498, 500
500, 503, 502
503, 706, 504
504, 706, 505
505, 508, 507
508, 510, 509
510, 512, 511
512, 514, 513
514, 477, 478
515, 703, 479
516, 707, 471
517, 516, 429
431, 518, 517
433, 519, 518
435, 520, 519
437, 708, 520
521, 708, 437
441, 709, 521
522, 709, 441
444, 710, 522
523, 710, 444
447, 711, 523
524, 711, 447
525, 524, 449
452, 526, 525
454, 712, 526
527, 712, 454
457, 713, 527
528, 713, 457
529, 528, 459
462, 530, 529
464, 531, 530
469, 532, 531
471, 707, 532
471, 702, 427
533, 714, 534
535, 534, 536
536, 715, 538
538, 715, 539
539, 542, 541
542, 716, 543
543, 716, 544
545, 544, 546
546, 717, 548
548, 717, 549
549, 552, 551
552, 718, 553
553, 718, 554
554, 557, 556
557, 719, 558
558, 719, 559
559, 562, 561
562, 720, 563
563, 720, 564
565, 564, 566
566, 721, 568
568, 721, 569
569, 572, 571
572, 714, 533
573, 616, 574
576, 617, 577
579, 586, 580
582, 465, 467
584, 573, 575
586, 576, 578
587, 579, 581
589, 582, 583
591, 584, 585
593, 587, 588
595, 589, 590
597, 591, 592
599, 593, 594
601, 595, 596
603, 597, 598
605, 599, 600
607, 601, 602
609, 603, 604
611, 605, 606
613, 607, 608
615, 609, 610
616, 611, 612
617, 613, 614
618, 624, 619
621, 640, 618
618, 628, 623
625, 622, 618
618, 632, 627
618, 722, 629
618, 637, 631
633, 626, 618
618, 630, 635
618, 723, 636
638, 722, 618
639, 723, 618
